ID,Sequence,Target
Positive1,xxxxLRWLV,1
Positive6,RWLVGEMHC,1
Positive11,EMHCQKIAC,1
Positive16,KIACVLPxx,1
Positive19,xxxxGQSRD,1
Positive24,QSRDVLLAG,1
Positive27,DVLLAGNAx,1
Positive31,xxxxTGCKK,1
Positive34,xTGCKKGKN,1
Positive39,KGKNFSFAG,1
Positive44,SFAGTVxxx,1
Positive47,xxxLNENKV,1
Positive52,ENKVLVLDx,1
Positive57,xxxQLNPKD,1
Positive60,QLNPKDNDV,1
Positive65,DNDVELxxx,1
Positive67,xxxxRWTGR,1
Positive72,WTGRCMSCC,1
Positive77,MSCCRSSRT,1
Positive82,SSRTRRETQ,1
Positive86,RRETQLxxx,1
Positive90,xxLSEKKIS,1
Positive95,KKISSIQSI,1
Positive100,IQSIVxxxx,1
Positive103,xxASDYKSx,1
Positive108,xxxAQRLMR,1
Positive113,RLMRYWANx,1
Positive118,xxxYGVKSS,1
Positive123,VKSSLEDQK,1
Positive128,EDQKIKEKL,1
Positive133,KEKLQPAEI,1
Positive136,LQPAEIETx,1
Positive140,xxxxSDPPL,1
Positive145,DPPLVANQV,1
Positive150,ANQVVTCPD,1
Positive155,TCPDKKSxx,1
Positive159,xxxETTTAS,1
Positive164,TTASGLVIP,1
Positive169,LVIPDTAKx,1
Positive173,xxxxKYVTG,1
Positive176,xKYVTGINx,1
Positive181,xxxPASTTN,1
Positive184,PASTTNKDK,1
Positive191,xxxPPLPPV,1
Positive197,xxxPQPQQP,1
Positive201,QPQQPQQSF,1
Positive206,QQSFPQQQR,1
Positive211,QQQRPFIxx,1
Positive215,xxxSRIAVS,1
Positive220,IAVSYQxxx,1
Positive224,xxQYNTGNF,1
Positive227,YNTGNFSDG,1
Positive232,FSDGFYPFI,1
Positive236,FYPFINxxx,1
Positive239,xxxFNCLGM,1
Positive242,FNCLGMSNR,1
Positive247,MSNRDFLEG,1
Positive252,FLEGVSGAT,1
Positive256,VSGATWxxx,1
Positive260,xxAPKKAVK,1
Positive263,PKKAVKKAV,1
Positive269,KAVKAAKKA,1
Positive279,xxxYDNIYI,1
Positive284,NIYIILKQK,1
Positive289,LKQKFLNKL,1
Positive294,LNKLNEIIQ,1
Positive297,LNEIIQNHx,1
Positive302,xxxSGRGKQ,1
Positive307,RGKQGGKAR,1
Positive311,GGKARAKAK,1
Positive314,ARAKAKSRS,1
Positive316,AKAKSRSSR,1
Positive320,SRSSRAGxx,1
Positive323,xxxxAKAVY,1
Positive328,KAVYQQFVE,1
Positive332,QQFVEFYEK,1
Positive337,FYEKVTGTD,1
Positive344,xxxAAVTPE,1
Positive347,AAVTPEERx,1
Positive352,xxxKCTSDQ,1
Positive355,KCTSDQDEQ,1
Positive360,QDEQFIPKG,1
Positive365,IPKGCSKxx,1
Positive369,xxxKTFWNT,1
Positive374,FWNTHRGLR,1
Positive379,RGLRIDRGx,1
Positive384,xxxTSARPA,1
Positive389,ARPAVMPMD,1
Positive394,MPMDAWREx,1
Positive400,xxGIYGPGS,1
Positive407,xxxxWNYDN,1
Positive412,NYDNAYCDK,1
Positive417,YCDKLCKDK,1
Positive424,xxETLQAFD,1
Positive429,QAFDSHYDY,1
Positive434,HYDYTIxxx,1
Positive438,xxDDATVAI,1
Positive443,TVAIRSAIN,1
Positive447,RSAINNLIV,1
Positive452,NLIVELIRG,1
Positive458,xxxQGQQGY,1
Positive466,xxxDASRQG,1
Positive471,SRQGLRRDL,1
Positive476,RRDLDASRx,1
Positive480,xxxxIAHQF,1
Positive485,AHQFKEKVL,1
Positive490,EKVLGLLQR,1
Positive495,LLQRATQQQ,1
Positive501,xxxESLNTR,1
Positive506,LNTRTVYFS,1
Positive511,VYFSEQWVx,1
Positive516,xxxGSDYED,1
Positive521,DYEDRYYRE,1
Positive526,YYRENMHRY,1
Positive529,ENMHRYPNx,1
Positive535,xxKHKKVST,1
Positive540,KVSTNLCTH,1
Positive545,LCTHSFRKK,1
Positive550,FRKKQVRxx,1
Positive555,xxEDLERLL,1
Positive560,ERLLPHKVF,1
Positive563,LPHKVFEGN,1
Positive568,FEGNRPTNx,1
Positive574,xxSDEALPP,1
Positive579,ALPPGSPRx,1
Positive585,xxVVDSEDL,1
Positive590,SEDLPLNxx,1
Positive594,xxxEDHKIM,1
Positive599,HKIMASENS,1
Positive604,SENSSAMVx,1
Positive609,xxxKVNEQR,1
Positive612,KVNEQREES,1
Positive615,EQREESNKS,1
Positive618,EESNKSQKx,1
Positive623,xxxMEVGWY,1
Positive628,VGWYRSPFS,1
Positive633,SPFSRVVHL,1
Positive638,VVHLYRNGK,1
Positive645,xxGPAGQAE,1
Positive650,GQAEPDRAH,1
Positive655,DRAHYNIVT,1
Positive660,NIVTFCCxx,1
Positive674,xxxSEASRK,1
Positive682,KGLRRDLDA,1
Positive690,ASREAKKxx,1
Positive695,xxDPAEEAD,1
Positive700,EEADAPxxx,1
Positive703,xxxFVPCSI,1
Positive708,PCSICSNNP,1
Positive713,SNNPTCWAI,1
Positive718,CWAICKRIP,1
Positive725,xxQQYPQQQ,1
Positive732,xxECFPWDR,1
Positive742,xPPGAMPPQ,1
Positive748,xxxDSDVGE,1
Positive754,xxxCQAQPT,1
Positive759,AQPTTMARH,1
Positive764,MARHPHPHL,1
Positive769,HPHLSFMAx,1
Positive774,xxxNIQLIN,1
Positive779,QLINTNGSW,1
Positive784,NGSWHINST,1
Positive799,xxLFDGRDN,1
Positive807,xxxxDGECK,1
Positive812,GECKETVPM,1
Positive818,xxxLDLGVD,1
Positive823,LGVDVRTYM,1
Positive828,RTYMPVHYK,1
Positive833,VHYKVLKAx,1
Positive839,xxSLLTEVE,1
Positive844,TEVETPTRN,1
Positive849,PTRNGWECR,1
Positive854,WECRCSDSS,1
Positive858,CSDSSDxxx,1
Positive862,xxKFDFDKS,1
Positive867,FDKSKVKEN,1
Positive872,VKENSYxxx,1
Positive875,xxxNTECTL,1
Positive880,ECTLKKGSS,1
Positive885,KGSSGYCAx,1
Positive891,xxDNNDSGH,1
Positive895,NDSGHSTGA,1
Positive899,HSTGADTGx,1
Positive904,xxxASQKRP,1
Positive909,QKRPSQRxx,1
Positive914,xxHPVAINA,1
Positive919,AINASSELH,1
Positive924,SELHLLGFG,1
Positive929,LGFGINAEN,1
Positive932,GINAENNHx,1
Positive938,xxDRTNLQE,1
Positive943,NLQEAQPLG,1
Positive946,EAQPLGNGK,1
Positive951,GNGKKAEQW,1
Positive957,xxxQTISTH,1
Positive960,QTISTHLNx,1
Positive969,AEGEKxxxx,1
Positive972,xxEDSPEVI,1
Positive977,PEVIESPxx,1
Positive982,xxLNLTTWN,1
Positive987,TTWNPTLLG,1
Positive994,xxEKFVKEQ,1
Positive1002,xxSAISVAR,1
Positive1007,SVARTLLVF,1
Positive1014,xxLKEQLAK,1
Positive1018,EQLAKQAEE,1
Positive1023,QAEELAKLR,1
Positive1035,xSQVADKDD,1
Positive1040,DKDDPTNKF,1
Positive1045,TNKFYQSVI,1
Positive1050,QSVIQLGNG,1
Positive1054,QLGNGFxxx,1
Positive1057,xxxGQLFTF,1
Positive1062,LFTFSPRRH,1
Positive1067,PRRHWTTQD,1
Positive1072,TTQDCNCSx,1
Positive1077,xxxIFGKSA,1
Positive1082,GKSAAAFFL,1
Positive1086,AAFFLVRMF,1
Positive1093,xxDSLPHPQ,1
Positive1098,PHPQQATDD,1
Positive1103,ATDDSGHxx,1
Positive1107,xxxHTYARF,1
Positive1112,YARFGIEIQ,1
Positive1117,IEIQVQINP,1
Positive1121,VQINPTPFQ,1
Positive1128,xxTDSSSDS,1
Positive1132,SSSDSQTIT,1
Positive1139,xxxQEKLQV,1
Positive1144,KLQVALGEx,1
Positive1151,xSARDGIRD,1
Positive1155,DGIRDAMIG,1
Positive1160,AMIGLREEM,1
Positive1165,REEMIEKxx,1
Positive1171,xDDEALEKF,1
Positive1174,EALEKFDKx,1
Positive1180,xxMKALVAA,1
Positive1188,xxxFGQIFR,1
Positive1191,FGQIFRPDN,1
Positive1196,RPDNFVFGQ,1
Positive1200,FVFGQSxxx,1
Positive1204,xxGILESRG,1
Positive1209,ESRGIKARI,1
Positive1214,KARITHVDT,1
Positive1223,xxxHCLGKW,1
Positive1228,LGKWLGHPD,1
Positive1236,xxxVVYDYQ,1
Positive1239,VVYDYQHKx,1
Positive1245,xxISKGANP,1
Positive1250,GANPVEIRR,1
Positive1254,VEIRRGxxx,1
Positive1258,xxNKNLQEE,1
Positive1263,LQEEISDLT,1
Positive1268,SDLTEQLGS,1
Positive1277,xHYLALLVK,1
Positive1285,xxSSHLQLI,1
Positive1290,LQLIYNLTL,1
Positive1295,NLTLCELNG,1
Positive1300,ELNGTDWLA,1
Positive1305,DWLANxxxx,1
Positive1307,xxxQPFRPQ,1
Positive1312,FRPQQPYPx,1
Positive1317,xxxPEFAGL,1
Positive1322,FAGLSGSVQ,1
Positive1331,xSATQLYKT,1
Positive1336,LYKTCKQAG,1
Positive1344,xxCTDVSTA,1
Positive1349,VSTAIHADQ,1
Positive1354,HADQLTPAW,1
Positive1361,xxTRKDINT,1
Positive1366,DINTVTTVA,1
Positive1373,xxGGAGGAG,1
Positive1381,GGAGAGGGA,1
Positive1388,xxxFASFDV,1
Positive1393,SFDVPSKQP,1
Positive1398,SKQPTIDID,1
Positive1403,IDIDLCDIx,1
Positive1409,xxGDRRKAM,1
Positive1412,DRRKAMFED,1
Positive1417,MFEDIAxxx,1
Positive1421,xxVILFVVI,1
Positive1425,LFVVIVGxx,1
Positive1431,xTSEEFQVK,1
Positive1436,FQVKETSSG,1
Positive1440,ETSSGTxxx,1
Positive1445,xIRGERAxx,1
Positive1449,xxxCKNKEK,1
Positive1457,xxxCATRLF,1
Positive1462,TRLFPDFFT,1
Positive1467,DFFTRVALx,1
Positive1474,xEDYVEGPS,1
Positive1479,EGPSKRPRP,1
Positive1489,xxKKAEDAQ,1
Positive1494,EDAQKKYDE,1
Positive1499,KYDEDQKxx,1
Positive1505,xVTGALTWL,1
Positive1510,LTWLLPLSW,1
Positive1515,PLSWEWxxx,1
Positive1518,xxxMPGERG,1
Positive1525,RGAAGIAGP,1
Positive1533,xxDGKTLVS,1
Positive1538,TLVSKKVTS,1
Positive1545,xxLARTISE,1
Positive1550,TISEAGQAM,1
Positive1555,GQAMASTEG,1
Positive1560,STEGNVTGM,1
Positive1568,xxxVPVLAF,1
Positive1573,VLAFDAARL,1
Positive1578,AARLRLLEx,1
Positive1584,xxGVNLEDP,1
Positive1589,LEDPASRDL,1
Positive1598,xxxGMIPPP,1
Positive1603,IPPPGLxxx,1
Positive1607,xxGFGAMDF,1
Positive1615,xEAAASAIQ,1
Positive1620,SAIQGNVTS,1
Positive1625,NVTSIHSLL,1
Positive1628,SIHSLLDEG,1
Positive1633,LDEGKQSxx,1
Positive1638,xxFPDLGQE,1
Positive1643,LGQEVALNA,1
Positive1646,EVALNANTK,1
Positive1649,LNANTKNQK,1
Positive1657,xxxGLHNHY,1
Positive1665,xxEEIKMDI,1
Positive1670,KMDISKLNA,1
Positive1677,xxDPISGHV,1
Positive1687,xxPEVIRMQ,1
Positive1690,EVIRMQDNN,1
Positive1694,MQDNNPxxx,1
Positive1697,xxxCGRSME,1
Positive1702,RSMEGYPFN,1
Positive1707,YPFNPCLTx,1
Positive1714,xSSVWNATT,1
Positive1719,NATTAIxxx,1
Positive1723,xxKKFKPEI,1
Positive1728,KPEIAIRPK,1
Positive1733,IRPKVRDxx,1
Positive1738,xxGFINKVY,1
Positive1743,NKVYYWTVD,1
Positive1753,xxLGDKFNM,1
Positive1762,xxSFSSIPN,1
Positive1772,xxKILPEVK,1
Positive1777,PEVKEKHEF,1
Positive1784,xxEPTPNAY,1
Positive1789,PNAYYEGVF,1
Positive1794,EGVFCSSSS,1
Positive1800,xxxLPSDPI,1
Positive1805,SDPIGGKSN,1
Positive1810,GKSNMHFMN,1
Positive1819,xxQAAAEAY,1
Positive1824,AEAYEPGRS,1
Positive1830,xxxMWSDFL,1
Positive1833,MWSDFLGDR,1
Positive1841,xSKPTTKQR,1
Positive1844,PTTKQRQNK,1
Positive1849,RQNKPPSKx,1
Positive1855,xxQPLSQVS,1
Positive1864,xxxGNAEVH,1
Positive1869,AEVHASFFD,1
Positive1874,SFFDIGGSx,1
Positive1886,xxDKDAFGG,1
Positive1891,AFGGVYSGP,1
Positive1896,YSGPSLLDV,1
Positive1901,LLDVSQTxx,1
Positive1905,xxxSAPQER,1
Positive1910,PQERLYSTW,1
Positive1921,xxSGDGHDC,1
Positive1926,GHDCKRTYL,1
Positive1929,CKRTYLKDN,1
Positive1936,xxAMVYLGA,1
Positive1939,MVYLGAKDS,1
Positive1944,AKDSTRTQI,1
Positive1952,xTRLNPDxx,1
Positive1957,xxNTLTNIK,1
Positive1962,TNIKVQLIR,1
Positive1967,QLIRMMEGE,1
Positive1976,xGAPGLRGG,1
Positive1981,LRGGAGxxx,1
Positive1987,QQPIPVQPQ,1
Positive1994,xxxDPNAVC,1
Positive1997,DPNAVCETD,1
Positive2002,CETDKWKYE,1
Positive2007,WKYENPCKK,1
Positive2016,xEQAPEYRG,1
Positive2021,EYRGRTELL,1
Positive2026,TELLKESIG,1
Positive2029,LKESIGEGx,1
Positive2034,xxxYSTDLG,1
Positive2039,TDLGRMLLT,1
Positive2044,MLLTSIVRG,1
Positive2054,xxYNPYTRS,1
Positive2059,YTRSIQILK,1
Positive2075,xxGQIPPGA,1
Positive2083,xxRRVGLSN,1
Positive2093,xASEGPLKG,1
Positive2098,PLKGILGYT,1
Positive2101,GILGYTEHx,1
Positive2109,IQAIYKTLP,1
Positive2114,KTLPQSVKD,1
Positive2120,VKDELEKGI,1
Positive2127,xxSRTLGCS,1
Positive2132,LGCSWEFIP,1
Positive2135,SWEFIPVDD,1
Positive2140,PVDDGWGER,1
Positive2149,xxIPTSYCG,1
Positive2154,SYCGYADYK,1
Positive2159,ADYKKKPRL,1
Positive2164,KPRLFGHPx,1
Positive2170,xxKRGPGSG,1
Positive2176,xxxKQKIVA,1
Positive2186,xQTQPSKPT,1
Positive2198,xTGGSTDGK,1
Positive2201,GSTDGKQGx,1
Positive2206,xxxTVHTNG,1
Positive2211,HTNGIAHRT,1
Positive2216,AHRTELRxx,1
Positive2222,xTWFGAYAx,1
Positive2230,RGRGRGRGR,1
Positive2237,GRGGGRPGA,1
Positive2241,GRPGAPGGS,1
Positive2248,xxRLITGRL,1
Positive2253,TGRLQSLQT,1
Positive2257,QSLQTYVTQ,1
Positive2274,xxxREKRKP,1
Positive2277,REKRKPKSx,1
Positive2284,xLYVEDISE,1
Positive2289,DISEPPLHD,1
Positive2294,PLHDFYCSR,1
Positive2303,xDIPEEIKQ,1
Positive2311,xVNTFVASH,1
Positive2316,VASHKPRGV,1
Positive2319,HKPRGVTHD,1
Positive2324,VTHDQLNNF,1
Positive2332,xCPNGYQCK,1
Positive2337,YQCKMMAFM,1
Positive2342,MAFMGxxxx,1
Positive2346,xDDIPFPGP,1
Positive2349,IPFPGPIND,1
Positive2352,PGPINDDDN,1
Positive2359,xxxADNMEL,1
Positive2362,ADNMELNDG,1
Positive2367,LNDGRLIEK,1
Positive2372,LIEKTCMYx,1
Positive2378,xxTLVVNKI,1
Positive2383,VNKIRGTFK,1
Positive2388,GTFKSVAVK,1
Positive2393,VAVKAPGxx,1
Positive2397,xxxLVFFAE,1
Positive2402,FFAEDVGSN,1
Positive2407,VGSNKGAIx,1
Positive2413,xxTAFSKNx,1
Positive2430,xxLEIYNEE,1
Positive2435,YNEELFDLL,1
Positive2445,xxQYVLSRY,1
Positive2450,LSRYPSYxx,1
Positive2455,xxGASEDVR,1
Positive2467,ASLQEILTR,1
Positive2476,xSGWTVFSD,1
Positive2483,xxxCCHPAC,1
Positive2490,xxNHPPKRQ,1
Positive2498,xxxPFYGYR,1
Positive2507,xARGLTGRP,1
Positive2518,xTEFQAVKE,1
Positive2524,VKEMQDGIL,1
Positive2533,xNQSFEEDT,1
Positive2536,SFEEDTEEx,1
Positive2542,xxQDEMKKD,1
Positive2547,MKKDDQIAA,1
Positive2556,xxHYLHRVT,1
Positive2560,LHRVTYRVT,1
Positive2564,TYRVTCSTS,1
Positive2572,xPELTEEQQ,1
Positive2581,xxAKRFKIN,1
Positive2590,xxANPSPHQ,1
Positive2595,SPHQVYNxx,1
Positive2601,xAYSIEFGT,1
Positive2604,SIEFGTNIx,1
Positive2610,xxLGNGLKA,1
Positive2615,GLKAIWQVE,1
Positive2634,xxxLKGTYY,1
Positive2639,GTYYPLTGM,1
Positive2644,LTGMSKEVx,1
Positive2651,xRRGPRLGV,1
Positive2656,RLGVRATRK,1
Positive2659,VRATRKTSx,1
Positive2666,xTKVAEAEK,1
Positive2670,AEAEKQKAA,1
Positive2679,xxSAQNATD,1
Positive2688,xxVVSTDEY,1
Positive2693,TDEYVARTN,1
Positive2698,ARTNIYYHA,1
Positive2708,xxSEEDAAE,1
Positive2717,xxKLEEQNK,1
Positive2723,QNKISEASR,1
Positive2737,xxKSNKESE,1
Positive2740,SNKESEDGK,1
Positive2745,EDGKDYSMI,1
Positive2752,xxxFCDAKN,1
Positive2757,DAKNQTEYR,1
Positive2762,TEYRRELES,1
Positive2767,ELESYAAxx,1
Positive2772,xxDHPLQKT,1
Positive2777,LQKTYNYxx,1
Positive2781,xxxTDQPLS,1
Positive2784,TDQPLSADx,1
Positive2793,PYPQPQPQY,1
Positive2800,xxTPNISIP,1
Positive2805,ISIPQQTSS,1
Positive2810,QTSSRTILF,1
Positive2825,xxPAGRNND,1
Positive2830,RNNDGSSAP,1
Positive2861,xxKPNYAPA,1
Positive2866,YAPANCPKS,1
Positive2873,xxYFPTPSG,1
Positive2878,TPSGSMVTS,1
Positive2883,MVTSDAQIF,1
Positive2888,AQIFNKPxx,1
Positive2893,xxRSLPPIV,1
Positive2896,SLPPIVKDA,1
Positive2901,VKDASIQVV,1
Positive2906,IQVVSAIRx,1
Positive2912,xxGSRYPGQ,1
Positive2917,YPGQGSPGG,1
Positive2922,SPGGNRYPP,1
Positive2926,NRYPPQGxx,1
Positive2931,xxRVQYEGD,1
Positive2936,YEGDGSPCK,1
Positive2941,SPCKIPFEI,1
Positive2948,xxxDFMLTQ,1
Positive2954,LTQPHSVSE,1
Positive2959,SVSESPGKT,1
Positive2964,PGKTVTxxx,1
Positive2968,xxLQPGVDI,1
Positive2978,xxAEYYNKQ,1
Positive2983,YNKQYLEQT,1
Positive2988,LEQTRAELD,1
Positive2997,xDPVGPSDP,1
Positive3002,PSDPSIVSL,1
Positive3005,PSIVSLVEE,1
Positive3010,LVEETSFIx,1
Positive3016,xxDLDFSAF,1
Positive3021,FSAFDASLS,1
Positive3026,ASLSPFMIR,1
Positive3036,xxNTNSGPD,1
Positive3041,SGPDDQIGY,1
Positive3046,QIGYYRRAT,1
Positive3054,xxAYYTKDT,1
Positive3057,YYTKDTNNN,1
Positive3065,xEIDGPAGQ,1
Positive3076,xYPEKAVLD,1
Positive3079,EKAVLDEYD,1
Positive3084,DEYDYRYNR,1
Positive3093,xxLHLPLPL,1
Positive3102,xxxEFKEGF,1
Positive3107,KEGFQLMDR,1
Positive3110,FQLMDRDKD,1
Positive3119,xVSCYGKTK,1
Positive3124,GKTKCTASN,1
Positive3127,KCTASNKNR,1
Positive3134,xxTVAGCAL,1
Positive3140,CALPPPKKT,1
Positive3148,xxSQPEILE,1
Positive3153,EILEDARAS,1
Positive3158,ARASVDTYx,1
Positive3165,xLNLKIDGL,1
Positive3170,IDGLKISVx,1
Positive3176,xxGNNSLYR,1
Positive3181,SLYRDTAVF,1
Positive3186,TAVFECLxx,1
Positive3191,xxIDVDVSK,1
Positive3197,VSKPDLTAA,1
Positive3202,LTAALRDVR,1
Positive3213,PAGTGDRLx,1
Positive3219,xxYENFNDF,1
Positive3225,NDFLKGLRS,1
Positive3233,xxxHSGIGH,1
Positive3238,GIGHGQASS,1
Positive3243,QASSAVRDS,1
Positive3249,RDSGHRGYS,1
Positive3258,ELLKLLIEA,1
Positive3271,xxFLALDVP,1
Positive3276,LDVPTIGLC,1
Positive3283,xxSTFYGKP,1
Positive3288,YGKPTGAGP,1
Positive3296,xxREDWWAI,1
Positive3299,EDWWAINRK,1
Positive3304,INRKEVWKA,1
Positive3310,xxxTYGKFC,1
Positive3317,FCIKPxxxx,1
Positive3320,xxNLDDRDR,1
Positive3325,DRDRSELSP,1
Positive3330,ELSPLLLST,1
Positive3335,LLSTTEWxx,1
Positive3339,xxxDDVWLP,1
Positive3347,xYEQCQQQC,1
Positive3350,QCQQQCERx,1
Positive3357,xKAGDADGD,1
Positive3362,ADGDGMIGI,1
Positive3365,DGMIGIDEx,1
Positive3371,xxKRSRHFx,1
Positive3378,xPKPQRKTK,1
Positive3382,QRKTKRNTN,1
Positive3386,KRNTNRRPx,1
Positive3392,xxMQYVYTP,1
Positive3397,VYTPTYYML,1
Positive3405,xEKVPKGKK,1
Positive3409,PKGKKGKAD,1
Positive3413,KGKADAGKx,1
Positive3419,xxPRREEGG,1
Positive3425,EGGRWGPAE,1
Positive3430,GPAEPRERE,1
Positive3433,EPREREREE,1
Positive3437,REREEDWRx,1
Positive3444,xLEKDNAMD,1
Positive3449,NAMDRADTL,1
Positive3452,DRADTLEQx,1
Positive3458,xxDTMKSMQ,1
Positive3461,TMKSMQRDE,1
Positive3469,xxELQVIDK,1
Positive3474,VIDKVDAAF,1
Positive3479,DAAFKVAAT,1
Positive3489,xxTQLTSSY,1
Positive3492,QLTSSYEDY,1
Positive3503,LLKDLRKNx,1
Positive3509,xxVNNTLST,1
Positive3514,TLSTDIPFQ,1
Positive3519,IPFQLSKYV,1
Positive3524,SKYVDNxxx,1
Positive3529,xLRPTFDTR,1
Positive3534,FDTRLMRLE,1
Positive3537,RLMRLEDEM,1
Positive3542,EDEMKEGRx,1
Positive3550,YTDAPSFSD,1
Positive3556,FSDIPNPIx,1
Positive3562,xxARDVLAV,1
Positive3567,VLAVVSKxx,1
Positive3572,xxEVTQHGS,1
Positive3577,QHGSYHYIT,1
Positive3597,xYHYDADEN,1
Positive3602,ADENSKQKK,1
Positive3605,NSKQKKWDx,1
Positive3612,xQYTGHITW,1
Positive3617,HITWTPPAI,1
Positive3628,xNANDPPxx,1
Positive3633,xxDYVKKVN,1
Positive3638,KKVNKATEA,1
Positive3643,ATEAAMFLG,1
Positive3671,xLPQQCGLR,1
Positive3676,CGLRAPQRC,1
Positive3679,RAPQRCDLx,1
Positive3685,xxAGSIAAA,1
Positive3690,IAAATGFVK,1
Positive3693,ATGFVKKDQ,1
Positive3701,xPVSDLNLK,1
Positive3712,xxDRDKFVI,1
Positive3717,KFVIFLDVK,1
Positive3728,xQNATVAVM,1
Positive3733,VAVMSYSGY,1
Positive3736,MSYSGYDIx,1
Positive3742,xxGGLRILS,1
Positive3747,RILSPDRKR,1
Positive3763,NKNRGIIKT,1
Positive3768,IIKTFSNGx,1
Positive3774,xxDDMEKIW,1
Positive3779,EKIWHHTFY,1
Positive3790,xGRALQASA,1
Positive3796,ASALNAWRG,1
Positive3805,xSYSCQVTx,1
Positive3811,xxLKTAAES,1
Positive3815,TAAESAxxx,1
Positive3819,xxPGIKADS,1
Positive3824,KADSLDIDI,1
Positive3827,SLDIDIERN,1
Positive3832,IERNVVTVR,1
Positive3840,xEFVNLGAN,1
Positive3845,LGANSIETD,1
Positive3856,SLIAWQRSN,1
Positive3861,QRSNAEFEQ,1
Positive3866,EFEQNLENA,1
Positive3876,EDISAYLLx,1
Positive3882,xxRGQYLQL,1
Positive3887,YLQLQELEC,1
Positive3892,ELECDWEEV,1
Positive3897,WEEVTTSxx,1
Positive3902,xxHAYPNAS,1
Positive3907,PNASHPWDE,1
Positive3912,PWDEDVMPD,1
Positive3917,VMPDLPYKT,1
Positive3924,xxLYKEKAL,1
Positive3928,KEKALSxxx,1
Positive3941,xxEFKSRIE,1
Positive3944,FKSRIEDLx,1
Positive3951,xLVPEVNAS,1
Positive3963,xLYDSYAYY,1
Positive3971,xxKGAIIGL,1
Positive3976,IIGLMVGGV,1
Positive3984,xxPVSMAKT,1
Positive3989,MAKTSVDCN,1
Positive3994,VDCNMYICG,1
Positive3997,NMYICGDSx,1
Positive4003,xxAKAKTDH,1
Positive4008,KTDHGAExx,1
Positive4013,xxQPSQDEL,1
Positive4016,PSQDELKDN,1
Positive4021,LKDNTTVFT,1
Positive4030,NTFINNAYx,1
Positive4036,xxSTGNLLT,1
Positive4041,NLLTRLSSL,1
Positive4046,LSSLKTPLN,1
Positive4057,xDPEIVMHS,1
Positive4061,IVMHSFxxx,1
Positive4066,xNNIARMRL,1
Positive4071,RMRLYDPNQ,1
Positive4076,DPNQAAxxx,1
Positive4080,xxDTYRYIx,1
Positive4087,xISLLDAQS,1
Positive4097,xRPKHPIKH,1
Positive4100,KHPIKHQGx,1
Positive4106,xxRKGRGGA,1
Positive4114,ANPVFRPTG,1
Positive4119,RPTGGTEVF,1
Positive4127,xVISPNIYT,1
Positive4132,NIYTDEINI,1
Positive4141,xxPSPDITS,1
Positive4146,DITSTTKTR,1
Positive4149,STTKTRNFD,1
Positive4154,RNFDLVNCN,1
Positive4163,SLLPEVETH,1
Positive4174,NGWGCRCSD,1
Positive4184,xxIVDDVNC,1
Positive4190,VNCTYFCGR,1
Positive4195,FCGRNAYCx,1
Positive4201,xxAHFTDEF,1
Positive4206,TDEFKRKNK,1
Positive4209,FKRKNKGKD,1
Positive4214,KGKDLSTNL,1
Positive4220,xxxDEGGFT,1
Positive4225,GGFTCFFRD,1
Positive4229,CFFRDHxxx,1
Positive4233,xxARPADYM,1
Positive4238,ADYMLALSV,1
Positive4243,ALSVAGGSL,1
Positive4248,GGSLPVVxx,1
Positive4253,xxDKSKLQD,1
Positive4258,KLQDVKDNK,1
Positive4265,NKPSDVKLP,1
Positive4270,VKLPVIKAE,1
Positive4278,xGTPNPNPN,1
Positive4281,PNPNPNPNP,1
Positive4295,xxKDPKSPG,1
Positive4303,xxKSTQNAI,1
Positive4308,QNAIDGITN,1
Positive4313,GITNKVNSV,1
Positive4323,xxAAILEED,1
Positive4326,AILEEDDSK,1
Positive4329,EEDDSKDDM,1
Positive4332,DSKDDMEFx,1
Positive4339,xVTVRGGLR,1
Positive4354,xPLGFFPDH,1
Positive4359,FPDHQLDPA,1
Positive4370,SPNGRSPKR,1
Positive4379,xxVVQQVKG,1
Positive4384,QVKGHYRQA,1
Positive4389,YRQAMLLxx,1
Positive4395,xDYVSQFEG,1
Positive4400,QFEGSALGK,1
Positive4405,ALGKQLNLK,1
Positive4420,xxGNVTPRV,1
Positive4425,TPRVSYAHG,1
Positive4432,xxTCDDPRF,1
Positive4435,CDDPRFQDS,1
Positive4444,xKRGSGKDS,1
Positive4449,GKDSHHPAR,1
Positive4454,HPARTAHYx,1
Positive4462,EPGITTNYD,1
Positive4471,xPCKPLLRE,1
Positive4476,LLREEVSFR,1
Positive4484,xxLSKCDFT,1
Positive4489,CDFTQMSQY,1
Positive4501,AGAPSAEQR,1
Positive4511,xQYVAMVAD,1
Positive4516,MVADRLFLY,1
Positive4523,xxVCTPKSD,1
Positive4528,PKSDEFNPC,1
Positive4531,DEFNPCEDI,1
Positive4536,CEDIMGYKF,1
Positive4544,xQEQVPLVQ,1
Positive4554,xPTGIPIVY,1
Positive4559,PIVYELDKN,1
Positive4567,xxxKEDVPS,1
Positive4572,DVPSERYLG,1
Positive4577,RYLGYLEQL,1
Positive4581,YLEQLLRLK,1
Positive4587,xxxHVTDLD,1
Positive4592,TDLDKEFLx,1
Positive4600,QQKQQQQPS,1
Positive4608,SSQVSFQQP,1
Positive4612,SFQQPLQQY,1
Positive4619,xxPPAVGPP,1
Positive4625,GPPAAGPPA,1
Positive4641,GDLRAYKMV,1
Positive4646,YKMVYATNP,1
Positive4651,ATNPQTQLS,1
Positive4660,xSHQESTRG,1
Positive4664,ESTRGRSRG,1
Positive4671,RGRSGRSGS,1
Positive4678,xxVVVGTTD,1
Positive4683,GTTDRFGVP,1
Positive4688,FGVPTYNxx,1
Positive4696,VMYASSGxx,1
Positive4709,ETPIRSEWG,1
Positive4716,WGCRCNDSG,1
Positive4724,xxKDAVPNx,1
Positive4731,xANGAGNQP,1
Positive4736,GNQPGANGA,1
Positive4749,xVGLICERM,1
Positive4755,ERMMKERES,1
Positive4767,xYLMKINSx,1
Positive4773,xxLLTEHRM,1
Positive4778,EHRMTWDPA,1
Positive4783,WDPAQPPRD,1
Positive4788,PPRDLTExx,1
Positive4792,xxxWGRRLM,1
Positive4797,RRLMIGTAA,1
Positive4802,GTAAAVVLP,1
Positive4807,VVLPGLVGx,1
Positive4813,xxVEFMRVP,1
Positive4818,MRVPAEKIW,1
Positive4823,EKIWKPDIV,1
Positive4831,xHWWRAESD,1
Positive4836,AESDEARRC,1
Positive4839,DEARRCYND,1
Positive4850,xKILIGVII,1
Positive4855,GVIITWIGM,1
Positive4858,ITWIGMNSR,1
Positive4861,IGMNSRSTx,1
Positive4866,xxxNANPNA,1
Positive4888,xDGKSVKLE,1
Positive4896,xKLSEGDLL,1
Positive4904,LAEIETDKx,1
Positive4911,xGGSPEKHH,1
Positive4916,EKHHCTVKL,1
Positive4921,TVKLEFAGA,1
Positive4932,NKPPNKPNN,1
Positive4935,PNKPNNDFx,1
Positive4944,PSQQPYLQL,1
Positive4952,xKKDNTCSM,1
Positive4964,VIESPPEIN,1
Positive4972,xGLFGKGGI,1
Positive4977,KGGIVTCAM,1
Positive4986,xxSDDEDLA,1
Positive4989,DDEDLATSx,1
Positive4996,xGYKLNVxx,1
Positive5009,GMSKEVQQK,1
Positive5017,xFGPHYFLN,1
Positive5020,PHYFLNNPx,1
Positive5027,xRFQSSAVM,1
Positive5032,SAVMALQEA,1
Positive5037,LQEACEAYL,1
Positive5044,xxYKAYVSY,1
Positive5050,VSYKKRKAQ,1
Positive5059,xxEVVTGSP,1
Positive5064,TGSPRGDSQ,1
Positive5067,PRGDSQSSx,1
Positive5075,PIYGKTIST,1
Positive5080,TISTPSDYM,1
Positive5088,xIAPFGIFG,1
Positive5098,xMQQRPLRM,1
Positive5117,xxDDRYSDL,1
Positive5122,YSDLLMAWG,1
Positive5127,MAWGQYIxx,1
Positive5131,xxxNHVADI,1
Positive5137,ADIDKLIDY,1
Positive5146,xxTEIPTYG,1
Positive5149,EIPTYGTDE,1
Positive5154,GTDEWEQWW,1
Positive5164,DLLMGTLGI,1
Positive5169,TLGIVCPIC,1
Positive5181,xINEPVQVD,1
Positive5186,VQVDIPNNP,1
Positive5191,PNNPVREGR,1
Positive5194,PVREGRNVx,1
Positive5201,xASSAPSTA,1
Positive5206,PSTAVAQSx,1
Positive5212,xxNNVARCS,1
Positive5217,ARCSYGADS,1
Positive5222,GADSTLGPV,1
Positive5229,xxTWEVLHx,1
Positive5237,TGDVDRAVY,1
Positive5244,VYWHLxxxx,1
Positive5254,xxEMDFIDE,1
Positive5260,IDEVEKQKE,1
Positive5269,xxTHLSYKP,1
Positive5274,SYKPGKGDE,1
Positive5285,PQQPISQQx,1
Positive5291,xxNWFGCTW,1
Positive5294,WFGCTWMNx,1
Positive5302,QGDRRCQSQ,1
Positive5307,CQSQLERAN,1
Positive5315,xxGRTWAQP,1
Positive5320,WAQPGYPWP,1
Positive5327,xxFNSPYPK,1
Positive5332,PYPKNYPPV,1
Positive5343,xGPRLYGEM,1
Positive5348,YGEMTMQGT,1
Positive5353,MQGTRKPRP,1
Positive5365,DGKNAKDRK,1
Positive5370,KDRKEAWER,1
Positive5375,AWERIRQAI,1
Positive5385,xQAADESER,1
Positive5390,ESERMRKVL,1
Positive5393,RMRKVLENx,1
Positive5399,xxLQSARRG,1
Positive5407,xxALSMSYN,1
Positive5412,MSYNLLGFL,1
Positive5417,LGFLQRSxx,1
Positive5425,QPQQQFPQT,1
Positive5432,xxLAEQYDT,1
Positive5437,QYDTFVKFT,1
Positive5442,VKFTYDQxx,1
Positive5457,RDYIPRILG,1
Positive5463,ILGPEAFQQ,1
Positive5469,FQQYVGPxx,1
Positive5475,xNGDGNPRE,1
Positive5480,NPREVIEDL,1
Positive5485,IEDLAANNP,1
Positive5490,ANNPAIQNI,1
Positive5498,xAKHDLDIK,1
Positive5506,xxxPIQNSK,1
Positive5518,xLNLAQSKN,1
Positive5523,QSKNFHLRP,1
Positive5531,xxEWSPCSV,1
Positive5536,PCSVTCGNG,1
Positive5541,CGNGIQVRI,1
Positive5548,xxxIPVLGT,1
Positive5553,VLGTFALVS,1
Positive5558,ALVSYIANK,1
Positive5569,xRPGYEPPT,1
Positive5574,EPPTVLGCA,1
Positive5584,xxxRAVFMQ,1
Positive5597,xxSPTHYVP,1
Positive5600,PTHYVPESD,1
Positive5605,PESDAAARx,1
Positive5611,xxKPGSDVY,1
Positive5622,xEEEGLLKK,1
Positive5627,LLKKSADTL,1
Positive5633,DTLWNMQKx,1
Positive5641,SLLGLKAKK,1
Positive5645,LKAKKDxxx,1
Positive5651,TLVVNKLQG,1
Positive5657,LQGLLQVTV,1
Positive5661,LQVTVVTIP,1
Positive5671,SYSVQDQYQ,1
Positive5676,DQYQALLQQ,1
Positive5681,LLQQHAQYL,1
Positive5689,xxTTSDVAG,1
Positive5694,DVAGLEKDP,1
Positive5704,xxILPKLTE,1
Positive5709,KLTENPWQx,1
Positive5716,xGGWNTGGS,1
Positive5724,xxWDLNAAS,1
Positive5734,xxWCVAENQ,1
Positive5739,AENQYGQRA,1
Positive5744,GQRATAFxx,1
Positive5768,xQEPPAPQA,1
Positive5773,APQAPYQGY,1
Positive5778,YQGYQEPPP,1
Positive5787,xxGLLECCA,1
Positive5796,xxTPAYYTK,1
Positive5806,TNNNLTLVx,1
Positive5813,xYEENLGDS,1
Positive5822,xxDAEFGHD,1
Positive5827,FGHDSGFEV,1
Positive5832,GFEVRHQKx,1
Positive5838,xxPGSVNEF,1
Positive5841,GSVNEFDFx,1
Positive5847,xxANAEALN,1
Positive5858,xSGVRGDFG,1
Positive5863,GDFGSLAPR,1
Positive5869,APRVARQLP,1
Positive5877,xLEQWNLVI,1
Positive5883,LVIGFLFLx,1
Positive5888,xxxKIHARE,1
Positive5893,HAREIFDSR,1
Positive5898,FDSRGNPTV,1
Positive5905,xxNSQDGYV,1
Positive5910,DGYVWQVTD,1
Positive5916,VTDMNRLHR,1
Positive5927,xQFAYDGKD,1
Positive5935,xxPYCWHYA,1
Positive5940,WHYAPRPCG,1
Positive5945,RPCGIVPAS,1
Positive5950,VPASQVCxx,1
Positive5956,xGRRVTQYC,1
Positive5961,TQYCSHACA,1
Positive5972,KAVSEKKAK,1
Positive5977,KKAKGLGES,1
Positive5988,xxxEAVRRH,1
Positive5993,VRRHARAYN,1
Positive6002,GVAMPGAED,1
Positive6013,xDLKLRRSS,1
Positive6018,RRSSSVGYI,1
Positive6027,xTALPVNSP,1
Positive6032,VNSPMNKGD,1
Positive6037,NKGDTEVMK,1
Positive6042,EVMKCIVEx,1
Positive6055,xLQKRMQQL,1
Positive6058,KRMQQLEND,1
Positive6063,LENDLDQVx,1
Positive6071,VYVIGFTLP,1
Positive6077,TLPIILKAx,1
Positive6085,DAKATYEAA,1
Positive6093,xxAEVDCSR,1
Positive6098,DCSRFPNxx,1
Positive6106,TGSGTGGRT,1
Positive6110,TGGRTGYIP,1
Positive6120,ADISAHEDR,1
Positive6133,xxAHLDETV,1
Positive6138,DETVWERPH,1
Positive6149,xPDSRESLA,1
Positive6154,ESLAWQTAT,1
Positive6157,AWQTATNPx,1
Positive6163,xxNRYTHKR,1
Positive6166,RYTHKRADQ,1
Positive6171,RADQGHYVE,1
Positive6179,xxYKYSLNN,1
Positive6184,SLNNMEENI,1
Positive6189,EENINILxx,1
Positive6194,xxTVWRNRE,1
Positive6199,RNRETLMEF,1
Positive6204,LMEFEEPHA,1
Positive6209,EPHATKQxx,1
Positive6215,xKLPKLAAN,1
Positive6220,LAANREKLE,1
Positive6223,NREKLEEVx,1
Positive6231,SFETTEESL,1
Positive6236,EESLRNYYE,1
Positive6241,NYYEQWGKL,1
Positive6252,xVRSPAQIL,1
Positive6257,AQILQWQVL,1
Positive6260,LQWQVLSNT,1
Positive6265,LSNTVPAKx,1
Positive6274,APPAPKNTL,1
Positive6279,KNTLTPLEE,1
Positive6286,xxWELQGDR,1
Positive6310,xxTALYLVD,1
Positive6315,YLVDGMTNT,1
Positive6320,MTNTIENxx,1
Positive6325,xxQIHGPRx,1
Positive6331,xxCVKKILD,1
Positive6335,KKILDKVGx,1
Positive6342,xANQCDFNH,1
Positive6345,QCDFNHDDC,1
Positive6350,HDDCRNTAK,1
Positive6355,NTAKYQVGx,1
Positive6362,xKAIFAGRK,1
Positive6367,AGRKFRNPK,1
Positive6377,xSRTRTTSV,1
Positive6380,TRTTSVGDK,1
Positive6386,GDKQVASKV,1
Positive6395,MPFPKYPVE,1
Positive6405,ESDQPDLSN,1
Positive6412,SNFMESGEW,1
Positive6420,xMDSFNYTT,1
Positive6425,NYTTPDYGH,1
Positive6428,TPDYGHYDD,1
Positive6431,YGHYDDKDT,1
Positive6434,YDDKDTLDx,1
Positive6447,xYVDTYGDN,1
Positive6451,TYGDNAGxx,1
Positive6456,xxPATIGDY,1
Positive6467,xEVKPGTPA,1
Positive6472,GTPAQEIEM,1
Positive6481,xVWECKKPY,1
Positive6486,KKPYKLSTK,1
Positive6491,LSTKDVCVP,1
Positive6501,PQNIPPLTQ,1
Positive6510,xLTKFSPGL,1
Positive6515,SPGLQTSQT,1
Positive6525,xDDGVDLPP,1
Positive6530,DLPPWFPPM,1
Positive6536,PPMVEGAAA,1
Positive6544,xxQWNKPSK,1
Positive6549,KPSKPKTNM,1
Positive6556,xxHWRCPPR,1
Positive6564,xxHHQIDGG,1
Positive6569,IDGGNWFHL,1
Positive6577,xLKGDGPVx,1
Positive6585,ERLAQHMTD,1
Positive6590,HMTDFDVTH,1
Positive6593,DFDVTHHRx,1
Positive6603,NNDFHFEVF,1
Positive6612,xAVTPLGPP,1
Positive6617,LGPPAAEYx,1
Positive6624,xTTIHELLV,1
Positive6629,ELLVRMKRA,1
Positive6634,MKRAELYCP,1
Positive6645,AQSGTSGTS,1
Positive6655,xYIYPYRYS,1
Positive6663,xPSGATPSS,1
Positive6671,xxHQKLVFF,1
Positive6681,xSPYRGSSI,1
Positive6686,GSSILWRIH,1
Positive6691,WRIHAASAL,1
Positive6696,ASALLMMPx,1
Positive6703,xGMMPAPHM,1
Positive6710,xxRTVLVSM,1
Positive6715,LVSMNYRxx,1
Positive6720,xxPSTQTLK,1
Positive6725,QTLKLIETH,1
Positive6731,ETHLRTIPS,1
Positive6740,xxRMARMAR,1
Positive6744,ARMARKAGN,1
Positive6749,KAGNFYVPA,1
Positive6760,xDKFNMGLD,1
Positive6764,NMGLDLxxx,1
Positive6771,AAPVQEGVQ,1
Positive6779,xQPDFGGFW,1
Positive6782,DFGGFWDAx,1
Positive6789,xNQITSALS,1
Positive6792,ITSALSTQx,1
Positive6800,NDLDQVQES,1
Positive6805,VQESLLKAN,1
Positive6813,xxSPRRRRS,1
Positive6817,RRRRSQSRE,1
Positive6827,xxCGMAYTG,1
Positive6833,YTGKYFDKA,1
Positive6843,xRPEPKKPW,1
Positive6848,KKPWSGVWN,1
Positive6853,GVWNASTYx,1
Positive6859,xxYLVKYLC,1
Positive6864,KYLCKIARS,1
Positive6867,CKIARSQDA,1
Positive6875,xDAQAFGEN,1
Positive6880,FGENRFYYT,1
Positive6890,xKVDNAETI,1
Positive6896,ETIKKELGL,1
Positive6901,ELGLSLTEP,1
Positive6908,xxSLVLTLN,1
Positive6917,xxAADAILH,1
Positive6922,AILHTPGCV,1
Positive6932,xRSKKSGGG,1
Positive6936,KSGGGSNVF,1
Positive6946,xxNTRNIDA,1
Positive6951,NIDATSTGN,1
Positive6959,xSKKTKDLV,1
Positive6971,xGPEYWEQQ,1
Positive6976,WEQQTRIAK,1
Positive6981,RIAKEWEQx,1
Positive6989,KYEEDDKAQ,1
Positive6992,EDDKAQRDR,1
Positive6997,QRDRVEAKN,1
Positive7002,EAKNGLExx,1
Positive7007,xxEIGHQGI,1
Positive7013,QGITAASLR,1
Positive7022,ILDKVGINY,1
Positive7031,xGYSKNGAN,1
Positive7036,NGANRWYDK,1
Positive7041,WYDKSLQFV,1
Positive7046,LQFVVGRDA,1
Positive7055,xPTSTPTTE,1
Positive7060,PTTEAVEST,1
Positive7064,AVESTVATL,1
Positive7067,STVATLEDS,1
Positive7074,xxMSSILPF,1
Positive7079,ILPFTPPVV,1
Positive7084,PPVVKRLLx,1
Positive7089,xxxVETPIR,1
Positive7098,xHRWSSYMV,1
Positive7124,xxVVPVAAR,1
Positive7136,xGVAFPLPT,1
Positive7143,xxTKITFHI,1
Positive7160,YTICGDSED,1
Positive7165,DSEDMVCTP,1
Positive7175,GDDFIDGGK,1
Positive7184,xHQPTPAAx,1
Positive7191,xKLPDHVRT,1
Positive7194,PDHVRTKGx,1
Positive7200,xxVPPPRKK,1
Positive7204,PPRKKRTVV,1
Positive7215,xGGPIGDTL,1
Positive7220,GDTLEKISN,1
Positive7225,KISNEIKxx,1
Positive7231,xKHKEMPFP,1
Positive7241,xKTDGKGEE,1
Positive7244,DGKGEESEx,1
Positive7253,NGVDLSVVV,1
Positive7258,SVVVEKQEG,1
Positive7279,xQPVGREKF,1
Positive7289,PPPRRRRAK,1
Positive7303,IGLLGAEGL,1
Positive7308,AEGLTTTWx,1
Positive7315,xPTLQIPVS,1
Positive7349,xNQVYYRPM,1
Positive7354,YRPMDEYSN,1
Positive7361,xxANYGYTF,1
Positive7374,YLTEAKVEK,1
Positive7383,xPGNKPRIA,1
Positive7394,LFAKYAEEV,1
Positive7399,AEEVGEAVI,1
Positive7402,VGEAVIDDD,1
Positive7413,xMKRPSREK,1
Positive7416,RPSREKQDK,1
Positive7421,KQDKKIFTE,1
Positive7432,xKGIYQTSN,1
Positive7437,QTSNFRVVP,1
Positive7440,NFRVVPSGD,1
Positive7445,PSGDVVRFx,1
Positive7456,SGTSGPSGT,1
Positive7463,xxLFVKVAP,1
Positive7468,KVAPNLTNE,1
Positive7486,xMLGTGTPN,1
Positive7492,TPNRARINF,1
Positive7495,RARINFNCx,1
Positive7505,VNGIRKPKx,1
Positive7515,VGLRNLRGY,1
Positive7523,xxDQRPYCW,1
Positive7530,CWHYPPKPC,1
Positive7543,xSRQPALEQ,1
Positive7558,EEKEFLKKL,1
Positive7565,xxSNYYSDN,1
Positive7570,YSDNEIEQH,1
Positive7575,IEQHTAKQP,1
Positive7585,xMEGIGYSK,1
Positive7590,GYSKVVENN,1
Positive7605,TTEWQILPC,1
Positive7610,ILPCSFTTL,1
Positive7619,xGFITELSE,1
Positive7630,xxIEGVKYI,1
Positive7636,KYIAEHMKS,1
Positive7639,AEHMKSDEE,1
Positive7642,MKSDEESSx,1
Positive7650,DLLALSADQ,1
Positive7656,ADQALQPPC,1
Positive7661,QPPCPNLVS,1
Positive7672,xGQNVLSAD,1
Positive7684,xMPRCRHGY,1
Positive7691,xxTISANGD,1
Positive7696,ANGDKDIGx,1
Positive7703,xTKPSDGNC,1
Positive7719,xxAGKRLEG,1
Positive7724,RLEGRSKTW,1
Positive7738,PGCVPCVRE,1
Positive7742,PCVRENNSS,1
Positive7747,NNSSRCWVA,1
Positive7754,xxTVIDKDA,1
Positive7763,xxSRKSYKK,1
Positive7767,KSYKKMLKE,1
Positive7771,KMLKEMGEV,1
Positive7784,xWDEDGAKR,1
Positive7789,GAKRIPVDV,1
Positive7798,xxYYPGEKV,1
Positive7803,GEKVHYDQI,1
Positive7811,ILEKDGYKW,1
Positive7821,QNPGSPRPG,1
Positive7826,PRPGSTGTW,1
Positive7833,TWNPGSSxx,1
Positive7841,KSIDLKDKY,1
Positive7852,xCDKNTGDY,1
Positive7857,TGDYYEDSY,1
Positive7860,YYEDSYEDx,1
Positive7867,xTTNRFAKY,1
Positive7876,DAKMTEEDK,1
Positive7879,MTEEDKENA,1
Positive7889,xGALASSAP,1
Positive7901,xGRLKAEST,1
Positive7910,xKGNCSGPT,1
Positive7915,SGPTTIRxx,1
Positive7920,xxGEFPRHV,1
Positive7926,RHVKLKNEI,1
Positive7931,KNEIENLLD,1
Positive7952,xxxDMANPM,1
Positive7957,ANPMSPVNK,1
Positive7962,PVNKSFEIE,1
Positive7974,xLFDLDEDD,1
Positive7977,DLDEDDEDT,1
Positive7983,EDTKPVPxx,1
Positive7988,xxKKTTTKP,1
Positive7992,TTTKPTKKP,1
Positive7997,TKKPTFKTT,1
Positive8000,PTFKTTKKx,1
Positive8005,xxxKRIHIG,1
Positive8010,IHIGPGRAF,1
Positive8015,GRAFYTTxx,1
Positive8021,xVGPAASDT,1
Positive8026,ASDTAAWMV,1
Positive8031,AWMVGVDPE,1
Positive8036,VDPEGANIN,1
Positive8045,xGIAIPHDI,1
Positive8050,PHDIDLGES,1
Positive8055,LGESRVVIQ,1
Positive8058,SRVVIQDYx,1
Positive8069,GITNCLPRG,1
Positive8079,xxKTGQFLx,1
Positive8086,xYNIDPWIQ,1
Positive8091,PWIQLMNRT,1
Positive8101,xLGYIMSNY,1
Positive8107,SNYDYQKNL,1
Positive8112,QKNLRFGGS,1
Positive8115,LRFGGSNEA,1
Positive8123,xAQAANGGA,1
Positive8128,NGGASGQVK,1
Positive8133,GQVKVTKVT,1
Positive8140,xxHWYRATH,1
Positive8145,RATHQEAIN,1
Positive8150,EAINCYANE,1
Positive8160,xSSNYCCEL,1
Positive8165,CCELCCNPA,1
Positive8170,CNPACTGCY,1
Positive8177,xxGETLVNL,1
Positive8182,LVNLPEGGQ,1
Positive8187,EGGQGCKRx,1
Positive8208,xIRDVWGIE,1
Positive8213,WGIEGPIDA,1
Positive8218,PIDAAFTRI,1
Positive8221,AAFTRINCx,1
Positive8229,NAANEADYQ,1
Positive8240,KIGGLIGAN,1
Positive8244,LIGANVSIG,1
Positive8250,SIGHTLKxx,1
Positive8255,xxKWWESRT,1
Positive8260,ESRTVRPQY,1
Positive8268,xQILGEKSL,1
Positive8273,EKSLTALTN,1
Positive8287,xRAYALWSA,1
Positive8292,LWSARQQFK,1
Positive8302,xPYPYPPPG,1
Positive8310,xxLGGWKLQ,1
Positive8313,GGWKLQSDP,1
Positive8326,xSQEGRTTK,1
Positive8335,xCALVATIW,1
Positive8340,ATIWFPVCA,1
Positive8349,xxDKARELL,1
Positive8354,RELLNKYDV,1
Positive8357,LNKYDVENS,1
Positive8363,ENSMLQANx,1
Positive8369,xxCPFLKQN,1
Positive8374,LKQNEPEDI,1
Positive8385,xAPDKEVLY,1
Positive8390,EVLYEAFDE,1
Positive8399,xILIRGIHH,1
Positive8409,xSVRYDSPE,1
Positive8427,KLVFFAEDV,1
Positive8433,xxxxCSFWS,1
Positive8438,SFWSKYISS,1
Positive8443,YISSLKTSA,1
Positive8455,xSLYSFPEP,1
Positive8458,YSFPEPEAx,1
Positive8471,xxxINFFDS,1
Positive8476,FFDSSGSFL,1
Positive8484,xRGSGPEPx,1
Positive8519,xPLPWLPGA,1
Positive8527,xNFLPRART,1
Positive8537,SRCTHLENR,1
Positive8543,ENRDFVTGT,1
Positive8548,VTGTQGTTR,1
Positive8575,xGAHETSLS,1
Positive8580,TSLSASGNS,1
Positive8585,SGNSIIHYT,1
Positive8607,xxQWINEKE,1
Positive8612,NEKEAALTS,1
Positive8622,xxRWLPAEY,1
Positive8625,WLPAEYEDG,1
Positive8630,YEDGFSLPY,1
Positive8637,xxFVKIQNL,1
Positive8642,IQNLNPIHV,1
Positive8647,PIHVIDLMQ,1
Positive8652,DLMQTHQHG,1
Positive8661,xVTHESYQE,1
Positive8666,SYQELVKKL,1
Positive8671,VKKLEALED,1
Positive8680,xxCDGKINY,1
Positive8683,DGKINYTDK,1
Positive8696,xxVFTSIGK,1
Positive8701,SIGKALHQV,1
Positive8706,LHQVFGAIY,1
Positive8717,DTPYLDITY,1
Positive8722,DITYHFVMQ,1
Positive8734,HATSSTHNG,1
Positive8739,THNGSHTSx,1
Positive8747,LRYHNKVYC,1
Positive8752,KVYCTTSKS,1
Positive8760,xxVQTRHVV,1
Positive8765,RHVVQHRSR,1
Positive8770,HRSRSESSI,1
Positive8774,SESSIESFx,1
Positive8781,xHHPSTNQE,1
Positive8786,TNQEQTSLY,1
Positive8791,TSLYVQASx,1
Positive8798,xVVSWKNKE,1
Positive8807,xGDNGKGFF,1
Positive8813,GFFELPMKD,1
Positive8820,xxKMKRTIK,1
Positive8825,RTIKENAMY,1
Positive8828,KENAMYRDR,1
Positive8833,YRDRKFDSN,1
Positive8836,RKFDSNDED,1
Positive8843,xxAQNFRNI,1
Positive8848,FRNIMHGSD,1
Positive8853,HGSDSFFYT,1
Positive8866,AEFRHDSGY,1
Positive8871,DSGYEVHHQ,1
Positive8881,xRVKMEKLK,1
Positive8885,MEKLKLKGT,1
Positive8891,KGTTYGMCx,1
Positive8898,xSALLVREE,1
Positive8903,VREEGLMQN,1
Positive8908,LMQNCxxxx,1
Positive8913,ETIGTLKKI,1
Positive8928,YDKPYYMLN,1
Positive8933,YMLNLYDPN,1
Positive8946,xRKGHFLLS,1
Positive8951,FLLSSKSGF,1
Positive8956,KSGFWTIWL,1
Positive8964,xCRFPNITN,1
Positive8969,NITNSHVPI,1
Positive8974,HVPILQERP,1
Positive8979,QERPPLENR,1
Positive8998,xxKRTISIW,1
Positive9007,xxTYDQIQK,1
Positive9012,QIQKRFEGA,1
Positive9017,FEGATPSYL,1
Positive9028,QLAGNLREN,1
Positive9031,GNLRENIEx,1
Positive9047,xxKYVKQEV,1
Positive9051,VKQEVEQNP,1
Positive9056,EQNPPAAQK,1
Positive9070,xSRPIIHFG,1
Positive9079,xCPCGSCCS,1
Positive9084,SCCSWWKWL,1
Positive9089,WKWLLGLLL,1
Positive9097,xYSASVKGR,1
Positive9109,xLSGRPAIV,1
Positive9114,PAIVPDREV,1
Positive9129,xWTTCQSIA,1
Positive9134,QSIAFPSKT,1
Positive9139,PSKTSASIG,1
Positive9149,xNPACGRxx,1
Positive9165,xYDDDDDIP,1
Positive9186,VTDVITIPT,1
Positive9195,xGRIILSGK,1
Positive9200,LSGKPAIIP,1
Positive9207,IPDREALYQ,1
Positive9232,xxxGAFDLK,1
Positive9237,FDLKTTFCI,1
Positive9242,TFCIMTTRN,1
Positive9247,TTRNTGQPA,1
Positive9255,xGDAKKKKD,1
Positive9261,KKDGKKAEP,1
Positive9267,AEPKNPREN,1
Positive9294,xCYYASRND,1
Positive9299,SRNDKSYWL,1
Positive9314,xxPLKPTKR,1
Positive9319,PTKRSFIED,1
Positive9329,xxRRKPKDE,1
Positive9334,PKDEGAGVD,1
Positive9343,xxADCLGHY,1
Positive9348,LGHYGYIDL,1
Positive9358,xxVKEIAET,1
Positive9370,STNDNIKDL,1
Positive9375,IKDLLDWYS,1
Positive9378,LLDWYSSGx,1
Positive9391,GRGMGRGNI,1
Positive9405,IGGSVSAGF,1
Positive9408,SVSAGFSNx,1
Positive9415,xSVDCSEYP,1
Positive9432,GEKRPRSPS,1
Positive9436,PRSPSSQSS,1
Positive9445,xSGKYDLDF,1
Positive9450,DLDFKSPDD,1
Positive9455,SPDDPSRYx,1
Positive9462,xKMVQVVYD,1
Positive9471,xxDEMARHL,1
Positive9476,ARHLQEYQD,1
Positive9486,xxDQPVDHH,1
Positive9491,VDHHRYTEA,1
Positive9494,HRYTEANDA,1
Positive9499,ANDAVLQGR,1
Positive9507,xGDEGGDGD,1
Positive9510,EGGDGDEGE,1
Positive9514,GDEGEEGQE,1
Positive9522,xMSDNGPQS,1
Positive9525,DNGPQSNQR,1
Positive9530,SNQRSAPRI,1
Positive9540,ADQTVEEHI,1
Positive9547,HIGYLVKYx,1
Positive9570,GILDSIGRF,1
Positive9575,IGRFFGGDR,1
Positive9585,LKAAEARAE,1
Positive9589,EARAEFAER,1
Positive9598,xxVYYPDEI,1
Positive9603,PDEIFRSDT,1
Positive9609,SDTLYLTQD,1
Positive9617,xAANYTTAV,1
Positive9625,xMRNLWNEI,1
Positive9631,NEIAELADF,1
Positive9642,IPTRFPPPP,1
Positive9647,PPPPMPLQD,1
Positive9652,PLQDSMAVG,1
Positive9660,xGTHPSSSA,1
Positive9665,SSSAGLKND,1
Positive9696,xEVFKDLFD,1
Positive9700,KDLFDPIIE,1
Positive9703,FDPIIEDRH,1
Positive9713,TKKAVQGxx,1
Positive9733,PQPQLPYPQ,1
Positive9743,xAEGRAINR,1
Positive9748,AINRRVExx,1
Positive9754,xFIKPIFTD,1
Positive9760,FTDESYLEL,1
Positive9769,xCTECDTGY,1
Positive9775,TGYSLTSDY,1
Positive9780,TSDYQCKAI,1
Positive9791,DPRVRGLYF,1
Positive9799,xQKASIAGT,1
Positive9802,ASIAGTDSG,1
Positive9813,KNPHAKKQD,1
Positive9818,KKQDVVVLG,1
Positive9823,VVLGSQEGA,1
Positive9828,QEGAMHTxx,1
Positive9834,xPSEPGDPL,1
Positive9839,GDPLEAVAF,1
Positive9842,LEAVAFEEK,1
Positive9853,xxVHTGFGA,1
Positive9861,AMDFTTLQx,1
Positive9868,xDYINRWIF,1
Positive9873,RWIFVTITN,1
Positive9878,TITNNRLNN,1
Positive9886,xxMLLKGKG,1
Positive9891,KGKGDKAQI,1
Positive9899,xxIGGADAE,1
Positive9904,ADAETLMDA,1
Positive9914,QQEGAQQPA,1
Positive9921,xxDSPIEQP,1
Positive9926,IEQPRIIPN,1
Positive9931,IIPNGGTLT,1
Positive9940,xEIIGQNGE,1
Positive9951,DTVTVEDLK,1
Positive9957,DLKQRGISA,1
Positive9962,GISAERPLV,1
Positive9967,RPLVYISSx,1
Positive9974,xIERMKDTL,1
Positive9983,xxNGEMQIG,1
Positive9988,MQIGVFNTE,1
Positive9991,GVFNTEDGx,1
Positive9997,xxRLEEETN,1
Positive10000,LEEETNDED,1
Positive10020,AEKAVEVDP,1
Positive10023,AVEVDPDDV,1
Positive10031,xKAKLPQEV,1
Positive10036,PQEVIDYIN,1
Positive10041,DYINDPRND,1
Positive10063,xGDVPEAVE,1
Positive10068,EAVENAVAR,1
Positive10078,xVPGSQHID,1
Positive10086,xETKTYFWK,1
Positive10091,YFWKVQxxx,1
Positive10095,xxGIIDLIE,1
Positive10100,DLIEKRKFN,1
Positive10103,EKRKFNQNS,1
Positive10106,KFNQNSNST,1
Positive10110,NSNSTYCVx,1
Positive10117,xQGAFASPI,1
Positive10122,ASPIQLQRR,1
Positive10125,IQLQRRNGS,1
Positive10145,xxIVQNNDS,1
Positive10150,NNDSTEYGL,1
Positive10155,EYGLFQIxx,1
Positive10161,xKITQTQKD,1
Positive10164,TQTQKDSKN,1
Positive10169,DSKNTTVIV,1
Positive10180,xxISGKQVT,1
Positive10185,KQVTGEVIF,1
Positive10190,EVIFQTPLI,1
Positive10200,LDLERDARV,1
Positive10205,DARVRAERN,1
Positive10208,VRAERNANE,1
Positive10213,NANEMSIxx,1
Positive10223,YDSRPPEDV,1
Positive10231,xLDKYGVSD,1
Positive10243,xGPETLCGA,1
Positive10249,CGAELVDAL,1
Positive10275,TNTTDITYV,1
Positive10284,xxGTSESTE,1
Positive10288,SESTETSEV,1
Positive10291,TETSEVSTY,1
Positive10302,xLQSMNIIP,1
Positive10307,NIIPRLKLS,1
Positive10319,SLNTGWLAG,1
Positive10324,WLAGLFYHH,1
Positive10329,FYHHKFNSS,1
Positive10337,xGRLGIYRY,1
Positive10342,IYRYVSTGE,1
Positive10359,GNIVSVDIK,1
Positive10368,xLADKSSRK,1
Positive10374,SRKTYTFDM,1
Positive10394,xxDINIKTG,1
Positive10400,KTGTTDIGS,1
Positive10405,DIGSNTTVK,1
Positive10414,xRLPKKVFE,1
Positive10419,KVFEAAVKS,1
Positive10424,AVKSIKAAS,1
Positive10433,xQPREPQVx,1
Positive10443,FSGSVQFVx,1
Positive10452,ETDKTSVQV,1
Positive10459,xxRRFDQKV,1
Positive10464,DQKVAGFEL,1
Positive10473,xxVRVFQAT,1
Positive10480,ATRGKLSSK,1
Positive10485,LSSKCSVVL,1
Positive10499,GTSTTSTGP,1
Positive10504,STGPCKTxx,1
Positive10510,xKDRHDFxx,1
Positive10515,xxFKKWKKG,1
Positive10520,WKKGEKVSR,1
Positive10531,xTLEHRFKE,1
Positive10536,RFKEIPDEQ,1
Positive10547,xDGVGDVCQ,1
Positive10550,VGDVCQDDF,1
Positive10553,VCQDDFDAD,1
Positive10558,FDADKVVDK,1
Positive10566,xxVDGVQVH,1
Positive10573,xxDYDDTIS,1
Positive10580,xxPGHITGH,1
Positive10585,ITGHRMAWD,1
Positive10591,AWDMMMxxx,1
Positive10595,xxGSTMMQT,1
Positive10600,MMQTKTFSS,1
Positive10605,TFSSSSSSK,1
Positive10609,SSSSKKMGx,1
Positive10617,KTLLSRFLW,1
Positive10622,RFLWWLCYL,1
Positive10631,ESKGEREGS,1
Positive10635,EREGSSSQQ,1
Positive10642,xxxxHLIST,1
Positive10645,xHLISTGDx,1
Positive10651,xxVIIEQSW,1
Positive10664,GSLGTLSSP,1
Positive10669,LSSPSPSAV,1
Positive10691,xPAQVSVPF,1
Positive10696,SVPFMSPAS,1
Positive10705,xxEALRSCQ,1
Positive10709,LRSCQADNS,1
Positive10715,DNSALIDIT,1
Positive10726,xSGLVSMFS,1
Positive10736,xLKCSVKSF,1
Positive10741,VKSFEIDKG,1
Positive10753,xGYKEKSKF,1
Positive10756,KEKSKFQDT,1
Positive10759,SKFQDTHNN,1
Positive10767,xxFSNVYLF,1
Positive10774,LFAKDKSGP,1
Positive10779,KSGPLQPGV,1
Positive10806,xxTGTVASV,1
Positive10812,ASVSIFLRF,1
Positive10815,SIFLRFDQx,1
Positive10821,xxSYHAGFN,1
Positive10826,AGFNYKNGG,1
Positive10833,xxGEKFIIR,1
Positive10838,FIIRRKSNS,1
Positive10843,KSNSQSIND,1
Positive10847,QSINDDIxx,1
Positive10853,xPYTGSRPT,1
Positive10867,xxYGKCIAV,1
Positive10872,CIAVDAFIK,1
Positive10882,xLNTVNGTT,1
Positive10887,NGTTRTVNx,1
Positive10895,TVPGGGTTY,1
Positive10900,GTTYIRAIA,1
Positive10905,RAIAALEGL,1
Positive10914,xDCLTESNL,1
Positive10919,ESNLIKVRx,1
Positive10926,xGKKNKKKN,1
Positive10936,LLFKINGSK,1
Positive10942,GSKIDGSKI,1
Positive10953,xVIAIALFG,1
Positive10958,ALFGTIATA,1
Positive10963,IATANAADx,1
Positive10970,xGMRGMKGL,1
Positive10981,YEEHLYGRD,1
Positive10998,YDYTVCGDN,1
Positive11001,TVCGDNEDM,1
Positive11012,TGADTGGDI,1
Positive11017,GGDIVQQPx,1
Positive11023,xxWSFADGN,1
Positive11031,xILKKVLEA,1
Positive11043,xxSSPMEVM,1
Positive11048,MEVMLRAVF,1
Positive11056,xVDGVHAPD,1
Positive11063,PDKEVKVHA,1
Positive11066,EVKVHADKS,1
Positive11080,SKRSELSQL,1
Positive11083,SELSQLSMY,1
Positive11094,xVPKVTKEK,1
Positive11099,TKEKPTPPV,1
Positive11104,TPPVKPTAP,1
Positive11115,RFPRGQGVP,1
Positive11120,QGVPINTNS,1
Positive11134,xKPHFPLAx,1
Positive11140,xxIFVEEVS,1
Positive11145,EEVSASQEI,1
Positive11156,xxPCKTCTI,1
Positive11161,TCTIPAQGT,1
Positive11166,AQGTSMFPS,1
Positive11173,xxSKDEIDS,1
Positive11178,EIDSAVKML,1
Positive11183,VKMLVSLKM,1
Positive11194,NKLKEKHTD,1
Positive11206,xQLYAPEAF,1
Positive11209,YAPEAFNYx,1
Positive11218,PTIAHGDGR,1
Positive11224,DGRRPSKQR,1
Positive11235,xDELEIIEG,1
Positive11240,IIEGMKFDR,1
Positive11250,xYNCEPANP,1
Positive11255,PANPSEKNS,1
Positive11267,TIDGKKYYF,1
Positive11276,xLSQPKIVK,1
Positive11287,xENPVVHFF,1
Positive11292,VHFFKNIVT,1
Positive11309,DTKPVVKKE,1
Positive11314,VKKEERQNV,1
Positive11340,DAKDALEPY,1
Positive11345,LEPYWKSDS,1
Positive11353,xGTDKKTAA,1
Positive11361,AGEAPSPSG,1
Positive11373,SGEWVIKES,1
Positive11379,KESRGWKHx,1
Positive11385,xxYYRPVDQ,1
Positive11395,xTTLVNPNK,1
Positive11399,VNPNKKNSY,1
Positive11409,xxDQSIQKS,1
Positive11414,IQKSVETIK,1
Positive11417,SVETIKEDM,1
Positive11422,KEDMNVKFF,1
Positive11430,xRNTIMASK,1
Positive11435,MASKTVGTA,1
Positive11443,xxEHSPFDG,1
Positive11448,PFDGIVLVQ,1
Positive11453,VLVQCTEHL,1
Positive11458,TEHLLKHMT,1
Positive11461,LLKHMTQSx,1
Positive11469,GRAKLREAG,1
Positive11474,REAGKPKAK,1
Positive11479,PKAKHTNHG,1
Positive11487,xYNQYSQRY,1
Positive11492,SQRYHQRTN,1
Positive11499,xxVLAQKVA,1
Positive11512,KASITEIKA,1
Positive11515,ITEIKADKT,1
Positive11538,xTIRYQATG,1
Positive11543,QATGFGTNE,1
Positive11547,FGTNETExx,1
Positive11552,xxIKLGLKS,1
Positive11557,GLKSLVSKG,1
Positive11562,VSKGTLVQx,1
Positive11569,xMEILGIAI,1
Positive11575,IAINRYNGL,1
Positive11589,STAHSSAKS,1
Positive11593,SSAKSRRVG,1
Positive11598,RRVGQLGVI,1
Positive11607,xGVATKGLG,1
Positive11615,GVHAKSSDW,1
Positive11623,xxKNEQAGQ,1
Positive11628,QAGQVQVLS,1
Positive11646,GYIPLGTRP,1
Positive11655,xxTQYPPGR,1
Positive11683,YEAALKQYE,1
Positive11688,KQYEADLxx,1
Positive11694,xIYRLRGRA,1
Positive11699,RGRAHVQVV,1
Positive11702,AHVQVVDSx,1
Positive11714,KGTGASGSF,1
Positive11725,xNQSLGWGD,1
Positive11730,GWGDSSKPV,1
Positive11733,DSSKPVSSx,1
Positive11741,DFGSVGGVL,1
Positive11749,xDVVGVGRL,1
Positive11758,RGVAGKVVA,1
Positive11764,VVAGIGILA,1
Positive11769,GILAIRWRL,1
Positive11774,RWRLPSGTx,1
Positive11781,xSKGATKEA,1
Positive11784,GATKEASTx,1
Positive11791,xQTPVNGNS,1
Positive11796,NGNSPWAPT,1
Positive11802,APTAPLPGD,1
Positive11811,xDQRSQEER,1
Positive11815,SQEERERxx,1
Positive11827,xxQSFRRLG,1
Positive11836,xKIDALNEN,1
Positive11846,xDWDFLQLQ,1
Positive11852,QLQCALYIN,1
Positive11860,xxGFYFNKP,1
Positive11883,NTNRRPQDV,1
Positive11892,xTLNFNAEG,1
Positive11897,NAEGEPELL,1
Positive11902,PELLMLANW,1
Positive11910,xxGGDNHGR,1
Positive11944,xxKQQGLNF,1
Positive11949,GLNFSYLAA,1
Positive11960,xTLNELPNR,1
Positive11968,xxKQLLTYI,1
Positive11975,YIEGAYART,1
Positive11984,xxxYLLFCM,1
Positive11987,YLLFCMENS,1
Positive11992,MENSAEPEQ,1
Positive11997,EPEQSLVCQ,1
Positive12009,xNSLDKLIS,1
Positive12023,VTPRTPPPS,1
Positive12028,PPPSQGKGx,1
Positive12042,xxIQRIPSL,1
Positive12063,INYTGASMN,1
Positive12068,ASMNPARSF,1
Positive12076,xxPTSGDKI,1
Positive12081,GDKIDMTPR,1
Positive12086,MTPRAGVLM,1
Positive12115,xxNKDKLFT,1
Positive12125,xxFRQQHGK,1
Positive12137,TITDAVDCS,1
Positive12143,DCSQNPLAE,1
Positive12165,AEAKALKEQ,1
Positive12180,KAKAQTDRE,1
Positive12187,REDLRTLLR,1
Positive12197,GLTATTFEE,1
Positive12202,TFEEDGVAA,1
Positive12209,xxQQMSINV,1
Positive12212,QMSINVDNQ,1
Positive12217,VDNQFNYVP,1
Positive12224,xxKVSFFCK,1
Positive12227,VSFFCKNKE,1
Positive12240,xAISSVLND,1
Positive12244,SVLNDILSR,1
Positive12256,xxGWRTPED,1
Positive12259,WRTPEDRSD,1
Positive12264,DRSDPDACT,1
Positive12269,DACTISKDH,1
Positive12273,ISKDHGxxx,1
Positive12278,xRLGDTDLI,1
Positive12284,DLIAEVEHD,1
Positive12293,xPPAQPLSE,1
Positive12310,xIIAEKTKI,1
Positive12320,xLDAWVDTL,1
Positive12325,VDTLGGDYK,1
Positive12330,GDYKAKFET,1
Positive12339,xxRDDITFM,1
Positive12344,ITFMVGLHS,1
Positive12354,xAHKALCSE,1
Positive12359,LCSEKLDQW,1
Positive12369,xHVLTNLPx,1
Positive12376,xNENLLRFF,1
Positive12385,xxTELRYSW,1
Positive12389,LRYSWKTxx,1
Positive12409,DVMPELPYx,1
Positive12416,xYARFMDTD,1
Positive12421,MDTDPDRYG,1
Positive12426,DRYGILPSN,1
Positive12434,xxTHKVGTS,1
Positive12447,xHITDDNEE,1
Positive12452,DNEEPIAPY,1
Positive12457,IAPYHFDLS,1
Positive12462,FDLSGHAFG,1
Positive12471,xFQGLCNET,1
Positive12476,CNETLTLKL,1
Positive12479,TLTLKLYNN,1
Positive12484,LYNNGFTSx,1
Positive12491,xKFHRVIKD,1
Positive12505,RPSCIGCKG,1
Positive12511,CKGTHGGTG,1
Positive12522,IQLLEEDLE,1
Positive12538,TAHYGSLPQ,1
Positive12543,SLPQKSHGx,1
Positive12551,GKAVTKEQL,1
Positive12560,ERMDALENQ,1
Positive12565,LENQLKEAR,1
Positive12576,SAPDTRPAP,1
Positive12591,xxKATTVRx,1
Positive12605,LKPTPEGDL,1
Positive12610,EGDLEILLQ,1
Positive12620,FEVGATYYF,1
Positive12623,GATYYFNKN,1
Positive12628,FNKNMSTYV,1
Positive12638,xxFSADAYA,1
Positive12641,SADAYANNQ,1
Positive12646,ANNQKIMRN,1
Positive12653,xxKLKQPGD,1
Positive12666,xEEADDDMG,1
Positive12671,DDMGFGLFD,1
Positive12676,xxxxQFQIH,1
Positive12687,xSIYPGTIT,1
Positive12701,xDRMNLQTL,1
Positive12706,LQTLRGYYx,1
Positive12713,xCTITGTMG,1
Positive12718,GTMGHFILA,1
Positive12730,LSLSRFSWG,1
Positive12735,FSWGAEGQR,1
Positive12747,xSALTSAIA,1
Positive12751,TSAIAGFVF,1
Positive12760,xxQFVDCGD,1
Positive12771,xNETIYNTT,1
Positive12776,YNTTLKYGD,1
Positive12784,xxDMGHGLR,1
Positive12789,HGLRLIHYS,1
Positive12795,HYSYDVNST,1
Positive12805,xxEGEGSGF,1
Positive12810,GSGFIREDP,1
Positive12815,REDPIGAGA,1
Positive12822,xxMTEQQWN,1
Positive12827,QQWNFAGIE,1
Positive12863,KMAETCPIF,1
Positive12868,CPIFYDVFx,1
Positive12875,xSQRSTNSA,1
Positive12886,QFGRDVSDF,1
Positive12889,RDVSDFTDS,1
Positive12911,FFRDHSYQE,1
Positive12927,GEPGLPGAR,1
Positive12984,xECHQEEDF,1
Positive12990,EDFRVTCxx,1
Positive12995,xxTPEVDDE,1
Positive13010,LDPAFGANS,1
Positive13025,NATTINETL,1
Positive13030,NETLVEEVY,1
Positive13036,EVYNMTMSY,1
Positive13039,NMTMSYFEx,1
Positive13046,xLEQLYMEH,1
Positive13049,QLYMEHNNV,1
Positive13055,NNVYTVPDS,1
Positive13067,AKTRIINRR,1
Positive13085,xxKTNMKHM,1
Positive13091,KHMAGAAAA,1
Positive13095,GAAAAGAVV,1
Positive13099,AGAVVGGLG,1
Positive13126,xEEQEDEII,1
Positive13132,EIIGFGQEL,1
Positive13135,GFGQELKNx,1
Positive13141,xxMPPPGMI,1
Positive13153,VAVAGGRWH,1
Positive13165,SPKRIGTGD,1
Positive13173,xxHEYHNWL,1
Positive13184,PFSRYSATC,1
Positive13189,SATCPNVLH,1
Positive13196,xxADASLKM,1
Positive13201,SLKMADPNR,1
Positive13206,DPNRFRGKD,1
Positive13226,xKRLHQWIN,1
Positive13232,WINEDCSTP,1
Positive13239,xxDAGMFDA,1
Positive13244,MFDAVSRAT,1
Positive13252,xATVSSQSF,1
Positive13259,xxCLFYASE,1
Positive13265,ASEMSEKGF,1
Positive13270,EKGFKVIFx,1
Positive13278,GFGLKVWEV,1
Positive13283,VWEVRREKE,1
Positive13288,REKEELKRD,1
Positive13297,xALINNQFL,1
Positive13307,xDYQAKLTA,1
Positive13317,xSSKRGRQT,1
Positive13322,GRQTPVLYA,1
Positive13327,VLYAMLDHS,1
Positive13330,AMLDHSRSx,1
Positive13337,xSGQVYQDW,1
Positive13344,DWLGRMNCS,1
Positive13349,MNCSYENMT,1
Positive13359,xxDWIWNQM,1
Positive13364,WNQMHIDEE,1
Positive13367,MHIDEEKNE,1
Positive13390,EGRDNVRSK,1
Positive13403,RVALYVDWI,1
Positive13408,VDWIRSTLx,1
Positive13415,xVPSYSFIR,1
Positive13420,SFIRAHDSE,1
Positive13425,HDSEVQDLI,1
Positive13435,PTSRDSFAW,1
Positive13449,xSAASCNGF,1
Positive13454,CNGFLYFVI,1
Positive13462,xxEDNRSQV,1
Positive13465,DNRSQVETD,1
Positive13470,VETDDLILK,1
Positive13475,LILKPGVVH,1
Positive13486,VSDYYKNLI,1
Positive13494,xxNKCNFCN,1
Positive13508,PGPIPNSLx,1
Positive13515,xELKDLKGY,1
Positive13522,GYGGVSLPE,1
Positive13531,RESQAYYQR,1
Positive13545,LFGYSEVRK,1
Positive13550,EVRKVILTK,1
Positive13562,NPADYGGIK,1
Positive13570,xGGNGDDFI,1
Positive13601,xSFGVWIRT,1
Positive13606,WIRTPPAYR,1
Positive13611,PAYRPPNAP,1
Positive13626,RRHETVQDC,1
Positive13641,xGTGFSLSD,1
Positive13653,RKDEERNKT,1
Positive13663,ALVVAQLLR,1
Positive13674,xxxMMTAEV,1
Positive13679,TAEVGVTxx,1
Positive13684,xxAFKDRFQ,1
Positive13689,DRFQLTDCQ,1
Positive13701,NIEHIKQIL,1
Positive13706,KQILINYIQ,1
Positive13711,NYIQECKPI,1
Positive13719,xSTWHVLYS,1
Positive13725,LYSPNVSVP,1
Positive13730,VSVPSSSST,1
Positive13740,KLVLVVFDL,1
Positive13747,DLKTGSLYx,1
Positive13756,QAGGPDGAA,1
Positive13767,xxMINVQAK,1
Positive13773,QAKPAAAAS,1
Positive13779,xxxNNKIWC,1
Positive13782,NNKIWCKDD,1
Positive13787,CKDDQNPHS,1
Positive13814,xxMVIITFK,1
Positive13824,xxDVIAILP,1
Positive13827,VIAILPVDE,1
Positive13832,PVDELKALF,1
Positive13846,EKTPVKKKA,1
Positive13850,VKKKARKSA,1
Positive13854,ARKSAGAAx,1
Positive13861,xDTVIYSKY,1
Positive13871,xYNDAVRMS,1
Positive13881,YHVLRSKGI,1
Positive13888,GIKPEHIIT,1
Positive13893,HIITMMYDx,1
Positive13901,SAQSGASAQ,1
Positive13911,xxHKAFKGS,1
Positive13928,SADQISTVQ,1
Positive13933,STVQASFDK,1
Positive13938,SFDKVKGDx,1
Positive13945,xGPGYANAM,1
Positive13957,QDVKFPGGG,1
Positive13964,GGQIVGGVY,1
Positive14020,SQDACIEFV,1
Positive14025,IEFVQQEVD,1
Positive14033,xAQCPPGDT,1
Positive14038,PGDTVTVGF,1
Positive14041,TVTVGFHDG,1
Positive14060,xxTPDNNQT,1
Positive14065,NNQTSPARR,1
Positive14073,xKVVQLPKI,1
Positive14078,LPKISKNAL,1
Positive14081,ISKNALRND,1
Positive14090,xAPIDTCIS,1
Positive14094,DTCISECIT,1
Positive14099,ECITPNGSI,1
Positive14107,xCRISPGKN,1
Positive14114,KNATGMEVG,1
Positive14130,xENFSTSFW,1
Positive14135,TSFWIRIPK,1
Positive14140,RIPKYFNSI,1
Positive14150,ENANANNAV,1
Positive14161,PGPSGAAQG,1
Positive14166,AAQGQVISN,1
Positive14174,xMLKYDENG,1
Positive14179,DENGTITDA,1
Positive14192,ISASTNCAT,1
Positive14202,xPQSAVDSA,1
Positive14207,VDSAARIHD,1
Positive14212,RIHDFRYSQ,1
Positive14224,xSETLKSxx,1
Positive14229,xxQGREQLT,1
Positive14234,EQLTCTQEG,1
Positive14245,xYFYVGLDY,1
Positive14252,xxAHPLHPA,1
Positive14257,LHPANLVAN,1
Positive14263,VANTVNAMF,1
Positive14280,xVPVPQLQL,1
Positive14283,VPQLQLQNx,1
Positive14300,FGMLPVPQQ,1
Positive14313,xCHSSALEL,1
Positive14318,ALELLQEVI,1
Positive14334,xxYGCYCGK,1
Positive14344,xLNEDLRSW,1
Positive14363,xSQKEVLEG,1
Positive14375,SVDRVCxxx,1
Positive14381,EIIDQDKSD,1
Positive14386,DKSDFVEED,1
Positive14394,xxRVTTRSQ,1
Positive14399,TRSQAQDAA,1
Positive14404,QDAAGLKEK,1
Positive14416,AEGHWRRLP,1
Positive14423,xxCITQYQR,1
Positive14441,GQAAWKEAR,1
Positive14450,xRDYFEEYG,1
Positive14455,EEYGKIDTI,1
Positive14470,EDDDDDFGM,1
Positive14475,DFGMGALFx,1
Positive14482,xGTWVAGVF,1
Positive14487,AGVFVYGGS,1
Positive14493,GGSKTSLYN,1
Positive14505,DKPPFDGMT,1
Positive14511,GMTACGNEP,1
Positive14522,VAPAADAPQ,1
Positive14527,DAPQGFYVL,1
Positive14530,QGFYVLEND,1
Positive14541,xGGLEPINF,1
Positive14544,LEPINFQTx,1
Positive14551,xWNNKTPNS,1
Positive14560,xxTAAQITQ,1
Positive14565,QITQRKWEA,1
Positive14575,REAEQRRxx,1
Positive14581,xNSGCFRHL,1
Positive14584,GCFRHLDER,1
Positive14589,LDEREECKC,1
Positive14609,xDSSSAGGQ,1
Positive14612,SSAGGQQQE,1
Positive14616,GQQQESSVS,1
Positive14625,xRGNAELQT,1
Positive14630,ELQTYLRQI,1
Positive14653,SNKKKRDDF,1
Positive14658,RDDFEKLTN,1
Positive14677,xNFSISIxx,1
Positive14683,xFKSGATFQ,1
Positive14686,SGATFQVEx,1
Positive14693,xTKHPKKGV,1
Positive14704,xKAQRSALL,1
Positive14709,SALLRLFCF,1
Positive14714,LFCFVCYxx,1
Positive14720,xRDGAENEI,1
Positive14730,xHYQRLSES,1
Positive14735,LSESRSLLR,1
Positive14746,IMGGECPTA,1
Positive14749,GECPTAEDM,1
Positive14759,xFVRFDSDA,1
Positive14762,RFDSDAENP,1
Positive14767,AENPRMEPR,1
Positive14775,RARWMEREG,1
Positive14792,RVTCKDIQR,1
Positive14805,IKKVFEIID,1
Positive14818,xDPGTNTTT,1
Positive14822,TNTTTEDHK,1
Positive14835,AFSNLPNIS,1
Positive14842,ISRIYVSID,1
Positive14853,NKPTGYGSS,1
Positive14858,YGSSSRRAP,1
Positive14880,xxTNGIQHA,1
Positive14885,IQHAMYLRG,1
Positive14895,xxLDQVLDY,1
Positive14903,xxCNNPHRI,1
Positive14908,PHRILDGIN,1
Positive14919,SPPMSPLRP,1
Positive14933,NREILVEFE,1
Positive14948,xxTIWLWNK,1
Positive14953,LWNKQKYEA,1
Positive14958,KYEAGTYPQ,1
Positive14967,xAKNKPTLD,1
Positive14972,PTLDFELIK,1
Positive14977,ELIKTEAKQ,1
Positive14990,KENALSLLD,1
Positive15001,xxGSDPQHY,1
Positive15005,DPQHYEGxx,1
Positive15010,xxRGTSMDD,1
Positive15013,GTSMDDEAD,1
Positive15040,GRDHGLPGY,1
Positive15046,PGYNEWREF,1
Positive15069,xPHWTKKPN,1
Positive15074,KKPNRNGGG,1
Positive15079,NGGGYYSAS,1
Positive15085,SASYSDPxx,1
Positive15092,DKGATLTIK,1
Positive15099,IKKEAFPAE,1
Positive15109,xxTRLSRTI,1
Positive15123,MDVFMKGLS,1
Positive15128,KGLSKAKEG,1
Positive15137,xPVEGPAVI,1
Positive15142,PAVICRCCx,1
Positive15151,PVGREKYRH,1
Positive15156,KYRHPPEHG,1
Positive15164,xxPFAMQMA,1
Positive15169,MQMAYRFNG,1
Positive15175,FNGIGVTQx,1
Positive15190,xPRGWNPGF,1
Positive15195,NPGFLYNGF,1
Positive15206,SYTVTNLVQ,1
Positive15211,NLVQTQSQV,1
Positive15226,xxRLQGISP,1
Positive15237,QKGIQKPKS,1
Positive15242,KPKSGTQGN,1
Positive15245,SGTQGNYDD,1
Positive15250,NYDDDWKGF,1
Positive15259,xANQTEVEM,1
Positive15262,QTEVEMENx,1
Positive15269,xNTEEYIDG,1
Positive15277,xVKASAExx,1
Positive15283,xISIKYDPR,1
Positive15287,KYDPRKDSE,1
Positive15292,KDSEVFAxx,1
Positive15298,xIYDISNKR,1
Positive15303,SNKRRMGLT,1
Positive15306,RRMGLTEFx,1
Positive15313,xEEASVTVV,1
Positive15318,VTVVEGQVD,1
Positive15336,xVSWLSKEW,1
Positive15346,xTSIINHKF,1
Positive15349,IINHKFCNx,1
Positive15364,TVDNPASTT,1
Positive15375,DKLFAVWKx,1
Positive15404,xTNGDEPRS,1
Positive15413,xxSHRTATA,1
Positive15427,RSKYGFGAK,1
Positive15432,FGAKEVRSL,1
Positive15440,xQVINVREG,1
Positive15447,xxITKEFGK,1
Positive15454,GKELEEVYD,1
Positive15464,xTTGNAAAP,1
Positive15473,xxxWQIPEQ,1
Positive15483,xxxQKSFET,1
Positive15489,FETERDHLR,1
Positive15499,xxTNDTDQL,1
Positive15505,DQLFPERFE,1
Positive15510,ERFEGFFNE,1
Positive15515,FFNEAYCxx,1
Positive15522,FNSISLNNE,1
Positive15527,LNNEYTIIN,1
Positive15540,xKALRDGDW,1
Positive15545,DGDWFWWEN,1
Positive15550,WWENSHVFT,1
Positive15570,KTSLWKEMQ,1
Positive15583,xVVDAEVVD,1
Positive15587,AEVVDDDRE,1
Positive15590,VDDDRESKx,1
Positive15597,xTAIFDTxx,1
Positive15603,xLFAAFPSF,1
Positive15610,SFAGLRPTF,1
Positive15624,MNYLLFCLF,1
Positive15635,xNTFRLMRR,1
Positive15640,LMRRAGYIN,1
Positive15662,PPQGGTWGQ,1
Positive15667,TWGQPHGGG,1
Positive15677,xxMDINASR,1
Positive15682,NASRALANV,1
Positive15693,LTKSGSTYP,1
Positive15698,STYPVLNVT,1
Positive15704,xxxRMQQLE,1
Positive15721,xGNAEKYDK,1
Positive15726,KYDKMDEPQ,1
Positive15739,xLGATSPSA,1
Positive15747,APPLPPVVD,1
Positive15769,xEGGIYDIS,1
Positive15792,xVRLIRVTA,1
Positive15803,xxGNEGRGY,1
Positive15809,RGYGGRGEG,1
Positive15819,QPGSGKGKV,1
Positive15826,KVQFQGKKT,1
Positive15832,KKTKFASDD,1
Positive15841,LGDDTGIHV,1
Positive15846,GIHVIPTLN,1
Positive15849,VIPTLNGDD,1
Positive15854,NGDDRHKxx,1
Positive15860,xPQRRGGDN,1
Positive15880,xVTFHYQNK,1
Positive15885,YQNKYKVPA,1
Positive15895,GLRSEFPIW,1
Positive15904,xIVQEEGTV,1
Positive15910,GTVTEEIIQ,1
Positive15920,xKFDKLYIW,1
Positive15925,LYIWGVHHP,1
Positive15935,xDGTSYKKS,1
Positive15955,xxVYQVNNL,1
Positive15960,VNNLEEICx,1
Positive15976,PNGTYRATY,1
Positive15986,LQELEKDER,1
Positive15992,DEREQLRIL,1
Positive16002,xHAQHFCAE,1
Positive16007,FCAEEGGTL,1
Positive16017,xDERGTPEY,1
Positive16022,TPEYNIALG,1
Positive16029,LGQRRADAV,1
Positive16038,NRSPSTGEQ,1
Positive16043,TGEQKSSGI,1
Positive16056,KLFGKAGAA,1
Positive16065,xGGMPGGMP,1
Positive16105,xSLLAAFDQ,1
Positive16110,AFDQWREWA,1
Positive16113,QWREWADSx,1
Positive16121,KLSPLGEEM,1
Positive16130,PPPPSSPTH,1
Positive16135,SPTHDPPDS,1
Positive16140,PPDSDPQIP,1
Positive16156,FEALQQEEG,1
Positive16190,DELYAKEFM,1
Positive16195,KEFMSTLKY,1
Positive16200,TLKYLHSHK,1
Positive16205,HSHKRYxxx,1
Positive16209,xxTEYYLNH,1
Positive16214,YLNHGKWPE,1
Positive16223,xYHVTNDCP,1
Positive16226,VTNDCPNSS,1
Positive16231,PNSSIVYEA,1
Positive16246,STSLSVSLV,1
Positive16250,SVSLVLVGV,1
Positive16255,LVGVVTLYL,1
Positive16260,TLYLGAMVx,1
Positive16288,GKQSLTKLA,1
Positive16293,TKLAAAWGG,1
Positive16300,xxHYTNESK,1
Positive16305,NESKFKFIL,1
Positive16323,xxIDNSNTP,1
Positive16328,SNTPFLPKI,1
Positive16337,xxxEEDQKA,1
Positive16347,xxHACQKKL,1
Positive16368,xTIIIPYIG,1
Positive16374,YIGPALNIG,1
Positive16379,LNIGNMLYK,1
Positive16386,xxVPGIDPN,1
Positive16392,DPNACHYMK,1
Positive16401,xVLHDDLLE,1
Positive16409,xxPQDPDNx,1
Positive16429,xADSVGGKD,1
Positive16439,PLIKNPDVK,1
Positive16464,ENYNKVIRP,1
Positive16469,VIRPVEHHT,1
Positive16474,EHHTHxxxx,1
Positive16478,xCKPNFFxx,1
Positive16484,xGSRSRTPS,1
Positive16489,RTPSLPTPP,1
Positive16501,RALLGLAVC,1
Positive16506,LAVCLFLMA,1
Positive16518,YHIQAGLPD,1
Positive16555,DEGDTDLYD,1
Positive16560,DLYDYYPEE,1
Positive16567,xxKLLLDYT,1
Positive16578,xLKRVCAQI,1
Positive16587,xSFFSYGEI,1
Positive16594,xxNNLMEIA,1
Positive16597,NLMEIAEVD,1
Positive16623,xLGAALLQS,1
Positive16631,xKNIGAKLV,1
Positive16637,KLVQDVANx,1
Positive16643,xxPELQQPI,1
Positive16653,xxIYRNLYW,1
Positive16664,xNNNNFQSK,1
Positive16667,NNFQSKANx,1
Positive16675,YTKCGSGPW,1
Positive16680,SGPWLTPRC,1
Positive16685,TPRCLVDYP,1
Positive16693,xxEPDDLKQ,1
Positive16700,KQKACESRC,1
Positive16710,DEESYEVFK,1
Positive16724,xDRARRLLW,1
Positive16729,RLLWWHYNC,1
Positive16739,YGLPNWVKV,1
Positive16744,WVKVWDRAT,1
Positive16753,xPEPCVGMS,1
Positive16763,NLKDLTFEK,1
Positive16771,xxGRMIPKG,1
Positive16791,KRNSTIPTK,1
Positive16796,IPTKQTQIF,1
Positive16804,xxLETLQIV,1
Positive16810,QIVAEREAY,1
Positive16821,xGEKTREQA,1
Positive16826,REQAVLFGV,1
Positive16829,AVLFGVDHK,1
Positive16834,VDHKLHKQL,1
Positive16843,xAPCIPYVR,1
Positive16869,xCESLKGST,1
Positive16874,KGSTGKLAV,1
Positive16892,MRGFIFTRH,1
Positive16897,FTRHSQTTA,1
Positive16902,QTTANPSCP,1
Positive16911,xDASFQEHP,1
Positive16916,QEHPDLPGL,1
Positive16927,SVEQAVLAA,1
Positive16932,VLAALKKLG,1
Positive16940,xVDQHNATE,1
Positive16945,NATEICRLI,1
Positive16957,ALRCRRISK,1
Positive16962,RISKEEYHL,1
Positive16967,EYHLYKDGH,1
Positive16976,xINRIADQA,1
Positive16981,ADQAQYxxx,1
Positive16986,xQFGPNAGQ,1
Positive16991,NAGQRMPRA,1
Positive17007,xSISPFAVW,1
Positive17013,AVWKFLDAL,1
Positive17022,xKNGLENYA,1
Positive17028,NYAFSMKNA,1
Positive17032,SMKNAVNDP,1
Positive17041,xATLRKYCI,1
Positive17048,xxPIDYIIA,1
Positive17051,IDYIIANSQ,1
Positive17055,IANSQANPE,1
Positive17060,ANPEVFIAD,1
Positive17077,TCGKGTRSR,1
Positive17080,KGTRSRKRx,1
Positive17087,xGTKAIDVG,1
Positive17096,xxVCEKLCN,1
Positive17101,KLCNEKLLK,1
Positive17107,LLKKARIHP,1
Positive17125,GAIYGAAFS,1
Positive17129,GAAFSGVSW,1
Positive17138,xSGDTLLAP,1
Positive17143,LLAPFYMPN,1
Positive17150,PNHKLDKNT,1
Positive17182,PRHRDGVRR,1
Positive17188,VRRPQKRPS,1
Positive17200,DIIKGNDLV,1
Positive17203,KGNDLVHDE,1
Positive17209,HDEYTKYIx,1
Positive17216,xNHGNYSAQ,1
Positive17227,xxxNEYGVE,1
Positive17232,YGVEGGRVN,1
Positive17243,xLEWRNTSG,1
Positive17248,NTSGLYVLT,1
Positive17255,xxLRSSSGC,1
Positive17274,xxRYETSND,1
Positive17279,TSNDNSLIx,1
Positive17306,xTSKLFPKM,1
Positive17311,FPKMPGLPF,1
Positive17321,NISGQSPAR,1
Positive17326,SPARTSSDP,1
Positive17339,HQWISSECT,1
Positive17349,xGNANRFTT,1
Positive17354,RFTTIKNCE,1
Positive17359,KNCEQHCKM,1
Positive17362,EQHCKMPDx,1
Positive17370,VKEEKQISD,1
Positive17393,LPKGVKHLK,1
Positive17398,KHLKDFPIL,1
Positive17403,FPILPGEIx,1
Positive17409,xxRDMEYER,1
Positive17421,VPSDTVQTR,1
Positive17438,xKAAPKRAA,1
Positive17463,xxNHHWHKx,1
Positive17469,xxFPIDSSC,1
Positive17474,DSSCNATQY,1
Positive17493,xxPAINVAM,1
Positive17497,INVAMHVFR,1
Positive17536,xKQIRDSIT,1
Positive17541,DSITEEWSx,1
Positive17548,xGEERQSYW,1
Positive17578,KAQIEKRIQ,1
Positive17582,EKRIQExxx,1
Positive17586,xxLLQDFFN,1
Positive17592,FFNGRDLNK,1
Positive17603,LEIVPNSAE,1
Positive17612,xMLDNFPTN,1
Positive17621,xxIGFRGLD,1
Positive17626,RGLDGVHCT,1
Positive17632,HCTPTTDSG,1
Positive17641,xxSKAFSNC,1
Positive17646,FSNCYPYDV,1
Positive17652,YDVPDYASL,1
Positive17672,xARGISRTK,1
Positive17682,xYDEDENQS,1
Positive17686,DENQSPRSF,1
Positive17691,PRSFQKKTR,1
Positive17703,xFFTEEFKR,1
Positive17713,NKGKNLASS,1
Positive17716,KNLASSHRx,1
Positive17723,xDFMVYEAL,1
Positive17733,FETDFTVHK,1
Positive17738,TVHKDRVND,1
Positive17753,xSYRFQFFQ,1
Positive17758,QFFQRDAEE,1
Positive17790,EGHLIDLKR,1
Positive17800,VPNLRGDLQ,1
Positive17819,DPLVAEEDE,1
Positive17830,xxLTSGHLK,1
Positive17835,GHLKCRVKM,1
Positive17851,xDGREAADA,1
Positive17856,AADAFSPEI,1
Positive17861,SPEIVLYTE,1
Positive17870,xKVPAPKKG,1
Positive17891,ETYFSKNYQ,1
Positive17906,QPISQQQQQ,1
Positive17935,AKKQVEKAL,1
Positive17944,MKRGLTVAV,1
Positive17949,TVAVAGAAI,1
Positive17954,GAAILVAGL,1
Positive17963,xSGFTPEFL,1
Positive17970,FLEQAFQVD,1
Positive17976,xxxWAKHMW,1
Positive17981,KHMWNFIxx,1
Positive18005,xxLPDDFFP,1
Positive18010,DFFPKIDDL,1
Positive18021,EELQKREEx,1
Positive18026,xxxSDSESC,1
Positive18031,SESCSSMPP,1
Positive18036,SMPPLEGxx,1
Positive18041,xxNDPQYQA,1
Positive18046,QYQAELPEG,1
Positive18051,LPEGSDTSV,1
Positive18063,NEQSLGLRx,1
Positive18074,LRGISRSLH,1
Positive18079,RSLHGIWxx,1
Positive18084,xxFRPSQQN,1
Positive18091,xxPGFGDRR,1
Positive18103,YGCLEGDTH,1
Positive18108,GDTHKANPS,1
Positive18114,NPSPEPNMH,1
Positive18127,VVVLGSxxx,1
Positive18132,xTSTNDWVV,1
Positive18137,DWVVTCGYT,1
Positive18152,QEVIIVLER,1
Positive18157,VLERSESWN,1
Positive18165,xAVTRGTIN,1
Positive18171,TINDPQRAK,1
Positive18184,xxMLMRTDP,1
Positive18191,DPFRELDRF,1
Positive18199,xxPMFIVNT,1
Positive18204,IVNTNVPRA,1
Positive18209,VPRASVPDG,1
Positive18257,IIWRSTQGx,1
Positive18264,xGTAHGHPH,1
Positive18269,GHPHEIILY,1
Positive18304,xPVQLETLS,1
Positive18309,ETLSIRGNN,1
Positive18320,AFRGHIARE,1
Positive18329,xVSVITPGT,1
Positive18335,PGTNASSEV,1
Positive18351,TTIVSFGYS,1
Positive18363,LHGAERLEE,1
Positive18373,SFQNKKSLV,1
Positive18379,SLVAFKIMP,1
Positive18393,GKGDDIFVH,1
Positive18408,xKNDVVNSQ,1
Positive18411,DVVNSQNKT,1
Positive18415,SQNKTEKTE,1
Positive18424,TQWNLSDNG,1
Positive18438,xGHRPLDKK,1
Positive18443,LDKKREEAP,1
Positive18448,EEAPSLRPA,1
Positive18458,ISYYEKVLA,1
Positive18463,KVLAKYKDD,1
Positive18473,xPSLPSPSR,1
Positive18482,xxKIQRTQQ,1
Positive18485,IQRTQQEDS,1
Positive18490,QEDSAVYLC,1
Positive18498,xxEEAILRP,1
Positive18503,ILRPLRVQG,1
Positive18514,xxFNRAGTV,1
Positive18517,NRAGTVGEN,1
Positive18522,VGENVPDDL,1
Positive18527,PDDLYIKGS,1
Positive18535,xPIYEGYAL,1
Positive18540,GYALPHAIL,1
Positive18553,LKQQRDTLS,1
Positive18558,DTLSTQKET,1
Positive18566,xKSQDADYH,1
Positive18584,PLPTDAGVx,1
Positive18600,xxIASGEPT,1
Positive18610,xxGDDPLLG,1
Positive18613,DDPLLGNQS,1
Positive18623,xDKIDWRES,1
Positive18628,WRESGYVTE,1
Positive18633,YVTELKDQG,1
Positive18636,ELKDQGNCx,1
Positive18642,xxSVAMKPY,1
Positive18647,MKPYEVTPT,1
Positive18654,xxVPRESYx,1
Positive18662,VVNDHNPTK,1
Positive18667,NPTKVTSKI,1
Positive18673,SKIRVYLKP,1
Positive18682,xAHLLVLAA,1
Positive18686,LVLAAVCVS,1
Positive18712,xxWVYYTCC,1
Positive18718,TCCPDTPYL,1
Positive18732,xINQQLNPK,1
Positive18741,HLQQNFSTR,1
Positive18746,FSTRYIYDx,1
Positive18754,HSEYYNHAI,1
Positive18759,NHAIDWQTG,1
Positive18765,QTGPGCNTA,1
Positive18778,xxxSMQMGG,1
Positive18783,QMGGDLGQV,1
Positive18794,xxRFAKYQQ,1
Positive18799,KYQQQGRLE,1
Positive18809,xSPLLGCIG,1
Positive18814,GCIGSTCAE,1
Positive18822,xFIDEPRRR,1
Positive18827,PRRRPIxxx,1
Positive18838,KPTEEPTIN,1
Positive18863,VALKVKAKN,1
Positive18871,xGFNGNVTG,1
Positive18874,NGNVTGDDT,1
Positive18898,YSGYDIEDA,1
Positive18924,NNNDSTGSS,1
Positive18935,PIEKFPVTT,1
Positive18940,PVTTQTFVV,1
Positive18953,xGHAKSRPV,1
Positive18964,GKCPKYVKS,1
Positive18969,YVKSTKLRL,1
Positive18978,xTLPERVRP,1
Positive18981,PERVRPPDD,1
Positive19002,xxDDPPATV,1
Positive19007,PATVYRYDS,1
Positive19021,MKTLLLTLV,1
Positive19050,EGPKDITDS,1
Positive19056,TDSLPAPMW,1
Positive19059,LPAPMWRDK,1
Positive19068,xDGVREARS,1
Positive19081,PVPPPSVSR,1
Positive19091,xxKYTVIIT,1
Positive19097,IITVHTGDQ,1
Positive19100,VHTGDQHQx,1
Positive19107,xPIKTSPIT,1
Positive19117,AGKALTGLS,1
Positive19123,GLSTGTSQN,1
Positive19127,GTSQNTRIS,1
Positive19133,RISLRPxxx,1
Positive19138,xMLSKYSLP,1
Positive19145,LPIVEEPED,1
Positive19150,EPEDYKEAS,1
Positive19158,xEHPVTGCG,1
Positive19166,GERTEGRCL,1
Positive19171,GRCLHYTVx,1
Positive19187,YCAWPACxx,1
Positive19193,xDDQTYSIP,1
Positive19204,xxKLQRHEW,1
Positive19207,LQRHEWNKH,1
Positive19212,WNKHGWCNW,1
Positive19220,xFSMGAKPT,1
Positive19228,xTNKYSTSP,1
Positive19233,STSPSPTPN,1
Positive19238,PTPNSTAQH,1
Positive19254,RREELEWDD,1
Positive19271,RGRERARGG,1
Positive19291,xxKAKLDEN,1
Positive19296,LDENSAFLQ,1
Positive19301,AFLQFNWxx,1
Positive19314,TGSQDFFVR,1
Positive19325,xERARISMI,1
Positive19342,xxDEYCSPD,1
Positive19347,CSPDHNCQS,1
Positive19352,NCQSNCKDS,1
Positive19373,YTASARGDL,1
Positive19379,GDLAHLTTT,1
Positive19391,xLPWNAFPG,1
Positive19405,KPRGLEPRR,1
Positive19426,xVVDGPETK,1
Positive19429,DGPETKECx,1
Positive19436,xPCNFNVSV,1
Positive19441,NVSVEDILY,1
Positive19453,FVETPGQKY,1
Positive19471,DEYEYDEED,1
Positive19482,DKKSTAAVI,1
Positive19486,TAAVILTPT,1
Positive19489,VILTPTENH,1
Positive19499,xxQHGHMHG,1
Positive19508,xGDEVRALA,1
Positive19514,ALANDLKAF,1
Positive19519,LKAFLDSEY,1
Positive19532,RRRSRKPEA,1
Positive19541,YIWPRNDYD,1
Positive19562,RNEWECRCN,1
Positive19575,GIFNTGLKM,1
Positive19580,GLKMFPDLT,1
Positive19595,SPAPSSRAC,1
Positive19600,SRACRLLQT,1
Positive19608,xNSHNILIK,1
Positive19613,ILIKVFENE,1
Positive19618,FENERNSLS,1
Positive19625,xxYSPCAWE,1
Positive19630,CAWEVVRxx,1
Positive19636,xGGTLEDTY,1
Positive19642,DTYRFVTQA,1
Positive19647,VTQAIACQK,1
Positive19657,YKELVKNYN,1
Positive19663,NYNPLERPV,1
Positive19666,PLERPVAND,1
Positive19675,RADYKSKxx,1
Positive19681,xGSGPRHRD,1
Positive19708,GRGTVAAAA,1
Positive19722,DDILDGGNG,1
Positive19731,GLMVWCIEN,1
Positive19736,CIENGTSPN,1
Positive19741,TSPNVNGVx,1
Positive19748,xYDTQAIVQ,1
Positive19763,xGDGRQTIT,1
Positive19768,QTITNPAYD,1
Positive19783,xDFMIQGGD,1
Positive19793,EQAISALPD,1
Positive19798,ALPDYASQP,1
Positive19803,ASQPGKPPR,1
Positive19820,xxPDCAICW,1
Positive19825,AICWEPSPP,1
Positive19830,PSPPWAPEx,1
Positive19837,xDFLTISPK,1
Positive19845,KLLGELLQx,1
Positive19854,ASKTAYEAK,1
Positive19860,EAKLAQYQA,1
Positive19888,WTPINKKEF,1
Positive19893,KKEFLNSYE,1
Positive19902,xDENGIVLD,1
Positive19909,xxMKTMAYD,1
Positive19914,MAYDCEVEK,1
Positive19933,CKPLLRDDI,1
Positive19945,xDEENRKRI,1
Positive19950,RKRIEARNS,1
Positive19960,xxEVFRELK,1
Positive19972,MIEGAAMDL,1
Positive19997,TNTKVSRIT,1
Positive20007,xPVEVSRKN,1
Positive20012,SRKNPKFME,1
Positive20018,FMETVAEKA,1
Positive20032,xxCVSYRNP,1
Positive20035,VSYRNPAEx,1
Positive20041,xxQTDEIKN,1
Positive20049,NDNIQTDEI,1
Positive20061,xxQRLVWAC,1
Positive20066,VWACVGVEV,1
Positive20071,GVEVGRGQP,1
Positive20085,NPPEVKSVG,1
Positive20090,KSVGLGNVN,1
Positive20102,xYWPPPQGR,1
Positive20118,KTKIPAVFK,1
Positive20121,IPAVFKIDx,1
Positive20139,HSMKEGIHA,1
Positive20144,GIHAQQKEP,1
Positive20150,KEPMIGVNQ,1
Positive20159,LSEALRIIA,1
Positive20164,RIIAGTLEV,1
Positive20169,TLEVHGVKP,1
Positive20184,xLQFGYTSR,1
Positive20220,LLRLKKYKV,1
Positive20226,YKVPQLEIV,1
Positive20234,xxFKDYSSV,1
Positive20240,SSVVRPVED,1
Positive20251,xYLLYYTEF,1
Positive20256,YTEFTPTEK,1
Positive20263,xxTFQVEVP,1
Positive20277,xxPMTPGQC,1
Positive20282,PGQCNMVVE,1
Positive20290,ERLGDYLVE,1
Positive20295,YLVEQGMxx,1
Positive20303,FSAGDNPPV,1
Positive20309,PPVLFSSDx,1
Positive20316,xCKDNGTKC,1
Positive20321,GTKCKAFVC,1
Positive20330,xxWGQGGSH,1
Positive20335,GGSHSQWNK,1
Positive20347,NKNIDLFGT,1
Positive20352,LFGTNYYYQ,1
Positive20357,YYYQCYFSx,1
Positive20371,TLTSDKxxx,1
Positive20376,xPQIPPNWH,1
Positive20388,KPEQPAPAP,1
Positive20397,xTQGVVKER,1
Positive20402,VKERRWTLV,1
Positive20407,WTLVNENRP,1
Positive20426,xHIDSQKKA,1
Positive20431,QKKAIERMK,1
Positive20439,xGLVGLLTP,1
Positive20444,LLTPGAKQN,1
Positive20454,KDGYPVEYD,1
Positive20467,xFFSDKIAK,1
Positive20476,xxFCGLPRL,1
Positive20526,xxCNYSKYW,1
Positive20532,KYWYLNHTT,1
Positive20541,xxCAHKVEQ,1
Positive20566,xxASSPDAH,1
Positive20571,PDAHVPFCF,1
Positive20606,LAKLGGAGQ,1
Positive20612,AGQAARAGT,1
Positive20619,xxELSEFIP,1
Positive20632,xMSSFSYEP,1
Positive20639,EPYYSTSYK,1
Positive20645,xxxRQESTS,1
Positive20648,RQESTSSTN,1
Positive20653,SSTNYDTST,1
Positive20663,GCPQSSRGV,1
Positive20668,SRGVKVDCC,1
Positive20687,xWRCVVYPG,1
Positive20693,YPGNGFVSA,1
Positive20699,VSASIFGFQ,1
Positive20707,xIEEVALGH,1
Positive20713,LGHEGEIPF,1
Positive20722,LSFNPTQLE,1
Positive20727,TQLEEQCHI,1
Positive20734,xxRKTHCSG,1
Positive20749,VALSTTGEI,1
Positive20759,xMDIDPYKE,1
Positive20764,PYKEFGATV,1
Positive20770,ATVELLSFL,1
Positive20781,DYLPLVLGP,1
Positive20794,VYTREESDS,1
Positive20799,ESDSKFVRI,1
Positive20808,xDFLIEEIE,1
Positive20823,LGIWTYDGT,1
Positive20829,DGTKVSISP,1
Positive20839,xSDQAVSLG,1
Positive20846,xxQKKIRGI,1
Positive20877,INEYTTGPS,1
Positive20904,xxPIAIEEV,1
Positive20913,RGDAHAGVI,1
Positive20934,ADAVKGYLx,1
Positive20953,xFGNDDRTN,1
Positive20958,DRTNTEPNT,1
Positive20970,RGEGGAEDD,1
Positive20982,TKPTDPTGI,1
Positive20985,TDPTGIEPD,1
Positive20988,TGIEPDDHx,1
Positive20996,LPPKLLTEP,1
Positive21002,TEPTTEGDQ,1
Positive21014,xISVRTVYP,1
Positive21017,VRTVYPPEx,1
Positive21025,NVLDVNAID,1
Positive21030,NAIDIEEPS,1
Positive21039,QPNNKRNQL,1
Positive21044,RNQLWLRLQ,1
Positive21061,xxVLDTDYK,1
Positive21083,QEFLRYQQQ,1
Positive21088,YQQQSRQSR,1
Positive21097,xDFTPGTEY,1
Positive21107,FGADARALM,1
Positive21117,xEPTAAAIA,1
Positive21122,AAIAYGLDK,1
Positive21137,xLAHCPDCG,1
Positive21142,PDCGEGHSC,1
Positive21145,GEGHSCHSx,1
Positive21154,DDDGPASNx,1
Positive21163,IIIGKSGVD,1
Positive21188,YNLRRGTAL,1
Positive21193,GTALAIPQx,1
Positive21202,DSDARILAA,1
Positive21207,ILAAAVWYY,1
Positive21218,AGHATLREH,1
Positive21223,LREHLRDIK,1
Positive21228,RDIKAENTD,1
Positive21236,xxRQGAEPR,1
Positive21241,AEPRKNFVK,1
Positive21246,NFVKPNETK,1
Positive21255,xxYYLWKQY,1
Positive21261,KQYNPTGKG,1
Positive21273,NWFDITNWL,1
Positive21279,NWLWYIKxx,1
Positive21285,xGVTYEIDL,1
Positive21288,TYEIDLTNK,1
Positive21298,xDHILEPSI,1
Positive21310,xRQAQVSFL,1
Positive21321,DVDLGDISG,1
Positive21326,DISGINASx,1
Positive21333,xTFDEIGRI,1
Positive21338,IGRIATDQE,1
Positive21358,xTAPPLLPH,1
Positive21366,xGWEFGGGx,1
Positive21374,GETICYKTF,1
Positive21389,HCHTHADGE,1
Positive21401,LDFGYTTKC,1
Positive21414,xxKSGTIFD,1
Positive21431,xADTIQKGF,1
Positive21445,DAVSRKKMD,1
Positive21456,SRNVLVAPT,1
Positive21469,EEQQRGDEP,1
Positive21482,EKKEESEEE,1
Positive21486,ESEEEDEDM,1
Positive21500,xVEPTGKRF,1
Positive21509,xIHIPSEKI,1
Positive21516,KIWRPDLVL,1
Positive21525,xLEGAARQx,1
Positive21531,xxRPIDDFD,1
Positive21536,DDFDQGWGP,1
Positive21541,GWGPITYxx,1
Positive21551,DQLTPDQER,1
Positive21559,xKRADWKKT,1
Positive21565,KKTVETQKS,1
Positive21589,GTMDSGQTK,1
Positive21600,KYFSKQYGI,1
Positive21606,YGITPGYIW,1
Positive21611,GYIWEINTE,1
Positive21622,xAPMIVTGG,1
Positive21627,VTGGGMLAA,1
Positive21650,xFDDNANPE,1
Positive21655,ANPEYTYHG,1
Positive21667,DIPNPIGSE,1
Positive21671,PIGSENSEK,1
Positive21703,xIAIVERRN,1
Positive21708,ERRNNLLQA,1
Positive21721,xMAVPETRP,1
Positive21724,VPETRPNHT,1
Positive21732,xGDICNTMH,1
Positive21737,NTMHYTNWT,1
Positive21742,TNWTHIYIC,1
Positive21745,THIYICEEx,1
Positive21760,VAPGIVIPP,1
Positive21771,xLTNKITAW,1
Positive21783,xSFLENKSS,1
Positive21787,ENKSSVDDG,1
Positive21792,VDDGNINxx,1
Positive21804,PRKKKGLFS,1
Positive21813,xEYEDLLKA,1
Positive21832,xxQDIVLHL,1
Positive21837,VLHLEPQNE,1
Positive21842,PQNEIPVDL,1
Positive21851,xKANSSYSG,1
Positive21858,SGNYPYSIL,1
Positive21864,SILFQKFxx,1
Positive21871,LNFGRSYFD,1
Positive21881,xKNESKYSN,1
Positive21893,NNAYNMSIR,1
Positive21901,xDDIMCVKK,1
Positive21914,VSLIEESAI,1
Positive21919,ESAIINAGA,1
Positive21924,NAGAPEVVP,1
Positive21932,xDQVHFQPL,1
Positive21940,LPPAVVKLS,1
Positive21952,xVDMIAGAH,1
Positive21963,DELAKIAQT,1
Positive21968,IAQTWANQC,1
Positive21984,ELYAPDMFE,1
Positive21992,xCQWASPYG,1
Positive22014,EEGPVDEEI,1
Positive22030,AVLTLLAAW,1
Positive22035,LAAWLWSKW,1
Positive22043,xxMEHPYFx,1
Positive22059,LHPERVNVF,1
Positive22071,TVVAVGPGR,1
Positive22079,xDGQFCHxx,1
Positive22085,xAACNCLKQ,1
Positive22095,xDAWCGSRG,1
Positive22105,VPESGEDGE,1
Positive22109,GEDGEDARQ,1
Positive22117,xFHPTPCIH,1
Positive22125,HIPGEVRNx,1
Positive22134,WSGHDVTEI,1
Positive22139,VTEIPNRRM,1
Positive22148,xARQNLKDA,1
Positive22168,NESSYSRGF,1
Positive22173,SRGFDMTYT,1
Positive22180,xxxVRMMLI,1
Positive22185,MMLIPLDAT,1
Positive22190,LDATLIKVx,1
Positive22197,xCANLLLQY,1
Positive22202,LLQYGSFCT,1
Positive22207,SFCTQLNRA,1
Positive22223,GKPAIVPDK,1
Positive22234,LYQQYDExx,1
Positive22250,xKQYDPDRP,1
Positive22260,NGDVEASAI,1
Positive22265,ASAITTYVG,1
Positive22271,YVGFSVVYP,1
Positive22281,PAMSTTDLE,1
Positive22286,TDLEAYFKD,1
Positive22294,xxWIRNNFx,1
Positive22311,IPKVPPGPN,1
Positive22331,xKENVKDYY,1
Positive22336,KDYYQKWME,1
Positive22341,KWMEEQAQS,1
Positive22390,YGEEKPAVL,1
Positive22397,VLGHDEAAY,1
Positive22400,HDEAAYSKN,1
Positive22404,AYSKNRxxx,1
Positive22436,LEVPAEGDP,1
Positive22443,xxHLVEALY,1
Positive22453,xMWGRALRK,1
Positive22466,GAYMSKAHG,1
Positive22471,KAHGTDPNI,1
Positive22481,QRPFGQQPE,1
Positive22491,LKSKIQGLL,1
Positive22517,PTQSKKKNK,1
Positive22520,SKKKNKNET,1
Positive22529,CPRSPRYTL,1
Positive22540,AGLQNDPTx,1
Positive22548,ASQKIQLIx,1
Positive22555,xVFSGFDAD,1
Positive22562,ADFLADAFN,1
Positive22570,xTAAGYCNT,1
Positive22585,xDGSHTRGx,1
Positive22601,KQAGTCPPx,1
Positive22630,ALYLVCGER,1
Positive22640,PKLKEFKSR,1
Positive22648,xKFYEAFSK,1
Positive22655,SKNLKLGIH,1
Positive22663,xNPVENYID,1
Positive22667,ENYIDSVLN,1
Positive22673,VLNEVLVVP,1
Positive22694,xCFKKPPKY,1
Positive22700,PKYPPALPI,1
Positive22719,PGPNITATY,1
Positive22737,EFALTAVAE,1
Positive22744,AEEVNAILK,1
Positive22763,xDEFPDLSA,1
Positive22767,PDLSAHNNH,1
Positive22772,HNNHMAKxx,1
Positive22779,TLLLEGVMA,1
Positive22789,AESLRAVIP,1
Positive22794,AVIPPTTTP,1
Positive22801,xxLYWFTLY,1
Positive22808,xxERPLKQI,1
Positive22813,LKQIAFNGG,1
Positive22825,GPPYRYEPE,1
Positive22836,xMLSLLQKE,1
Positive22841,LQKEGLLMS,1
Positive22846,LLMSPSDLY,1
Positive22851,SDLYSPGSW,1
Positive22867,LDETVKDKI,1
Positive22873,DKIAKEQxx,1
Positive22880,SLLHEVDKD,1
Positive22885,VDKDISQLT,1
Positive22891,QLTQAIVKN,1
Positive22894,QAIVKNHKN,1
Positive22901,xxSIPNGTY,1
Positive22912,xQDEMNVID,1
Positive22925,SPSRLFDQF,1
Positive22930,FDQFFGEHL,1
Positive22939,xYRPLGPGT,1
Positive22946,GTPPMRARL,1
Positive22958,RVNLKFLPN,1
Positive22970,xxAPETEKx,1
Positive22977,xADRYFTYE,1
Positive22980,RYFTYEEPN,1
Positive22989,xAYNNGQEI,1
Positive22994,GQEINGFKA,1
Positive23001,xxESRRALx,1
Positive23009,LGRSGGDII,1
Positive23014,GDIIKKMQT,1
Positive23024,IPKPFFRDE,1
Positive23029,FRDEVSFCV,1
Positive23037,xTQEGGVKP,1
Positive23042,GVKPSVAWW,1
Positive23045,PSVAWWHDD,1
Positive23058,YICGDSTEC,1
Positive23076,VAQEAAEEP,1
Positive23087,xYESNHLID,1
Positive23097,SRYASKINI,1
Positive23106,xEALKKIIE,1
Positive23109,LKKIIEDQQ,1
Positive23114,EDQQESLNK,1
Positive23128,PKKNQDKTE,1
Positive23139,TINTIASGx,1
Positive23147,NEKEKYKSI,1
Positive23150,EKYKSITDE,1
Positive23155,ITDELDQxx,1
Positive23162,DSKGNVPAG,1
Positive23168,PAGVTPSKY,1
Positive23182,DNENPLSGK,1
Positive23187,LSGKAGGVV,1
Positive23192,GGVVKVTYP,1
Positive23205,xKKYASGNK,1
Positive23209,ASGNKDNIV,1
Positive23212,NKDNIVRNN,1
Positive23217,VRNNDRVYx,1
Positive23264,xxNAGVLTC,1
Positive23269,VLTCSLSKR,1
Positive23276,xxGRRPFFH,1
Positive23281,PFFHPVGEA,1
Positive23286,VGEADYFEY,1
Positive23301,SVSSSSYRR,1
Positive23306,SYRRMFGGx,1
Positive23316,AVTKAQKKD,1
Positive23332,xxRDELNVL,1
Positive23341,FRELADALL,1
Positive23350,xVGAKVSDE,1
Positive23355,VSDEIWNYN,1
Positive23376,DPDNTDDNG,1
Positive23381,DDNGPQDPD,1
Positive23392,xESQIREQY,1
Positive23397,REQYDQVLS,1
Positive23408,PYKISTSTN,1
Positive23423,LERIRRSIL,1
Positive23435,xIKKMLADQ,1
Positive23451,SPDGKPCTP,1
Positive23457,CTPPALNCY,1
Positive23468,LPLLQSWMH,1
Positive23476,xxGVVIATx,1
Positive23483,xNAINPRLT,1
Positive23488,PRLTPWTYR,1
Positive23492,PWTYRNxxx,1
Positive23497,xDSEPFPRQ,1
Positive23502,FPRQKHKKV,1
Positive23511,xDMMYGGMR,1
Positive23532,LPLPLVQSW,1
Positive23539,SWMHQPPQx,1
Positive23556,xRDRKREKR,1
Positive23566,YRPGTVALR,1
Positive23572,ALREIRRYQ,1
Positive23611,AADMIMHTP,1
Positive23624,xRTCMTTAQ,1
Positive23640,xPRRRSPSP,1
Positive23661,xALGQGPQF,1
Positive23666,GPQFIFQYY,1
Positive23669,FIFQYYEEE,1
Positive23681,HVLGRLITV,1
Positive23694,xQIQRRPSM,1
Positive23702,xAIDITRKx,1
Positive23709,xVIIEKRGK,1
Positive23714,KRGKVEVEG,1
Positive23727,VARVNYDTT,1
Positive23732,YDTTESKLR,1
Positive23744,TPDAPGETV,1
Positive23752,xGQCKWVNG,1
Positive23757,WVNGREICN,1
Positive23760,GREICNDRD,1
Positive23765,NDRDRPTAx,1
Positive23772,xADQPGNHQ,1
Positive23777,GNHQALAEP,1
Positive23785,xxEQELNFP,1
Positive23790,LNFPHEVLD,1
Positive23803,AEELVLERC,1
Positive23808,LERCDLELE,1
Positive23819,AELATKTFG,1
Positive23827,GSSGSSAVD,1
Positive23847,xLAVLLGAC,1
Positive23855,xMNPNQKII,1
Positive23860,QKIITIGSx,1
Positive23865,xxxIQTRTE,1
Positive23903,IKQLQQFQK,1
Positive23907,QQFQKEDAA,1
Positive23914,xxPPSMVKH,1
Positive23920,VKHPEKALF,1
Positive23926,ALFTFKQVx,1
Positive23953,xPQYIAVHV,1
Positive23959,VHVVPDQLM,1
Positive23971,DNNYGKTII,1
Positive23974,YGKTIINND,1
Positive23986,PDPSSRYDA,1
Positive24000,xNTKWDIYR,1
Positive24008,xxGQPQAQG,1
Positive24013,QAQGDGANA,1
Positive24022,NQEDAEAIT,1
Positive24068,NSSSSQFQI,1
Positive24077,xxHQNWLDG,1
Positive24092,xAPEDQSPE,1
Positive24097,QSPETRRLL,1
Positive24110,xDFEDVWNx,1
Positive24118,PASTNRQSG,1
Positive24123,RQSGRQPTP,1
Positive24128,QPTPISPPL,1
Positive24131,PISPPLRDS,1
Positive24158,ELPKEPQGI,1
Positive24166,xPPPGIRGP,1
Positive24172,xxxMAARLC,1
Positive24177,ARLCCQLDP,1
Positive24183,LDPARDVxx,1
Positive24190,QEMPLTALL,1
Positive24197,LLRNLGKMT,1
Positive24206,AGDLSKVDA,1
Positive24213,DAKQPGDYx,1
Positive24229,KQVEKDLAN,1
Positive24234,DLANLTAEL,1
Positive24242,xPKAPYTST,1
Positive24247,YTSTLLPPE,1
Positive24253,PPELSETPN,1
Positive24266,xSTIIKEGI,1
Positive24275,SALLEDPVG,1
Positive24284,MASLSRPSL,1
Positive24292,LPSCLCSxx,1
Positive24302,INKIDIDTE,1
Positive24340,PTPDATTPQ,1
Positive24354,GAIEQGPAD,1
Positive24359,GPADDPGEG,1
Positive24372,xEDPSVEEE,1
Positive24377,VEEEEIAPP,1
Positive24389,GQGGGTHNQ,1
Positive24394,THNQWNKPx,1
Positive24400,xxRAPYNKN,1
Positive24403,APYNKNNEN,1
Positive24408,NNENINPNR,1
Positive24418,DMAEEIAAL,1
Positive24422,EIAALVLAK,1
Positive24435,xKRFDEGQK,1
Positive24440,EGQKFECGN,1
Positive24443,KFECGNDKx,1
Positive24456,LELDKWASL,1
Positive24459,DKWASLWNx,1
Positive24487,xSSQFDPNK,1
Positive24492,DPNKQTPSG,1
Positive24501,xxGPKQLTF,1
Positive24514,xLCLIGCKP,1
Positive24519,GCKPPIGEH,1
Positive24524,IGEHWGKGS,1
Positive24535,RSQPRGRRQ,1
Positive24546,xRRRTQKAP,1
Positive24551,QKAPKRIRL,1
Positive24562,TGGAGYFYx,1
Positive24578,xxTVNYQFV,1
Positive24589,xKYTMFHYL,1
Positive24594,FHYLRAQEF,1
Positive24599,AQEFEHGKS,1
Positive24608,xERMASCRP,1
Positive24611,MASCRPIDx,1
Positive24629,ILPWKWPWW,1
Positive24634,WPWWPWRRx,1
Positive24641,xPDLTKVYS,1
Positive24646,KVYSTDIFF,1
Positive24651,DIFFILEIT,1
Positive24655,ILEITDNxx,1
Positive24661,xKRDGYIVx,1
Positive24668,xSEGGDEYV,1
Positive24674,EYVTKGEVV,1
Positive24677,TKGEVVETD,1
Positive24685,xHNMPNDPN,1
Positive24690,NDPNRNVDE,1
Positive24694,RNVDENANA,1
Positive24729,KFAGRNFRN,1
Positive24741,xRRQPHVMS,1
Positive24770,KYQISVNKY,1
Positive24776,NKYRGTAGN,1
Positive24788,xxKAWGKSI,1
Positive24800,LPACNTPGx,1
Positive24816,xxAEAFRDD,1
Positive24821,FRDDVRLRQ,1
Positive24831,xGTNISKEH,1
Positive24834,NISKEHDGE,1
Positive24852,xENLCSTFC,1
Positive24869,KRIPLDVAE,1
Positive24877,xELMFEEQK,1
Positive24880,MFEEQKDRH,1
Positive24885,KDRHGLKRV,1
Positive24890,LKRVNKMTx,1
Positive24952,xQGFPFYDK,1
Positive24986,GYRNFEDFL,1
Positive24991,EDFLHESLV,1
Positive25002,SARVLRDAR,1
Positive25023,xxRVSWSPV,1
Positive25032,xRSVHDVVL,1
Positive25037,DVVLVGGST,1
Positive25044,STRIPKVQS,1
Positive25053,VFTLPPPLP,1
Positive25064,xVEMKKEDF,1
Positive25069,KEDFDIYDE,1
Positive25106,SQTSNVDKE,1
Positive25111,VDKEEEAVx,1
Positive25140,NYYKKFSYK,1
Positive25145,FSYKTIVMG,1
Positive25154,QDVFSATET,1
Positive25159,ATETSLWYD,1
Positive25178,xNKVLTVQT,1
Positive25181,VLTVQTIDN,1
Positive25186,TIDNALSKR,1
Positive25202,xxRLRVTHQ,1
Positive25210,xxTRVGKYR,1
Positive25215,GKYRPQDKP,1
Positive25220,QDKPNTAIN,1
Positive25225,TAINYNPWI,1
Positive25236,RSESRKNRG,1
Positive25242,NRGGREEIL,1
Positive25248,xxxDVIPAN,1
Positive25261,DVSLKKVIW,1
Positive25266,KVIWKDGVS,1
Positive25271,DGVSFVGVG,1
Positive25289,xMASLIYRQ,1
Positive25298,xxRCLLGFK,1
Positive25304,GFKEVGGKC,1
Positive25309,GGKCVPASI,1
Positive25317,xGQPAVRNE,1
Positive25322,VRNERATGS,1
Positive25325,ERATGSGNx,1
Positive25359,TTLNPTIAx,1
Positive25365,xxETCFQQA,1
Positive25370,FQQACKGKI,1
Positive25379,QALCENPEW,1
Positive25401,xxYNGNSDK,1
Positive25406,NSDKIRRRI,1
Positive25417,xASFTVSSE,1
Positive25422,VSSEKTILT,1
Positive25427,TILTMGEYG,1
Positive25435,xESTLHLVL,1
Positive25446,xAHGKKVLG,1
Positive25457,xEEDEREIS,1
Positive25470,xxECISQVG,1
Positive25475,SQVGKGGGS,1
Positive25487,xTLDVRMIN,1
Positive25492,RMINIEASQ,1
Positive25516,xxSSRISIY,1
Positive25521,ISIYWTIVK,1
Positive25547,RNKWERARY,1
Positive25553,ARYAERLRA,1
Positive25559,LRAYLEGTC,1
Positive25566,xxQMQPVKA,1
Positive25571,PVKAFKIHN,1
Positive25576,KIHNKIWVI,1
Positive25586,xSTDNNNTK,1
Positive25591,NNTKTISTD,1
Positive25608,LAKSRGVEA,1
Positive25613,GVEAARERM,1
Positive25618,RERMFNGEx,1
Positive25638,FPEVKTKGM,1
Positive25644,KGMAAVPKL,1
Positive25658,xxWDQMWKC,1
Positive25689,ANQPGHLAP,1
Positive25698,LGEIRPSAP,1
Positive25715,xQPMGPQPM,1
Positive25739,xxHFYDGFA,1
Positive25744,DGFAKVPLK,1
Positive25801,SPLTTQNTL,1
Positive25824,SKDHEYPFF,1
Positive25830,PFFPEPSCI,1
Positive25838,xVYVEELKP,1
Positive25890,xxxSCMVCV,1
Positive25893,SCMVCVDRS,1
Positive25898,VDRSSLSSW,1
Positive25911,RGIEKAVEx,1
Positive25917,xxCNSRQTD,1
Positive25920,NSRQTDRED,1
Positive25932,AMMIARFKM,1
Positive25951,xLYCGGPMF,1
Positive25954,CGGPMFNSK,1
Positive25965,xRYMDQPSR,1
Positive25975,EVPLGVAAD,1
Positive25985,xxADTFNFK,1
Positive25990,FNFKTFFHT,1
Positive25995,FFHTIGFxx,1
Positive26009,QVKTVDASS,1
Positive26012,TVDASSGSN,1
Positive26017,SGSNRFAAL,1
Positive26029,LYDAAKAYA,1
Positive26038,EQLKENGVI,1
Positive26048,xEDSRVTEN,1
Positive26060,xQPPVSQFH,1
Positive26088,AAPAKKAAP,1
Positive26097,PKAPQWPPY,1
Positive26129,YKNLINNAK,1
Positive26139,NLKLCFCGD,1
Positive26144,FCGDYIFSE,1
Positive26153,xAELTGYGT,1
Positive26165,VEYLQVPSx,1
Positive26184,xEEEVNExx,1
Positive26191,TPTPTPTYD,1
Positive26202,YVVFDVTPS,1
Positive26223,xQKLSERRA,1
Positive26228,ERRANAVRD,1
Positive26236,xxLPFNWTH,1
Positive26241,NWTHCFDPQ,1
Positive26248,xxEIPQPQW,1
Positive26263,xITIKQHTV,1
Positive26268,QHTVTTTTK,1
Positive26271,VTTTTKGEN,1
Positive26293,xLEDELVNE,1
Positive26309,EGGPSQIGD,1
Positive26314,QIGDALGFA,1
Positive26324,xCLTSQAAS,1
Positive26329,QAASQRLEx,1
Positive26336,xGPGHPIRA,1
Positive26341,PIRALVGDE,1
Positive26346,VGDEAELPC,1
Positive26361,LKLGCNWQF,1
Positive26369,FIPKDEGWT,1
Positive26378,xPSHQQPRK,1
Positive26383,QPRKIRPEG,1
Positive26394,RRLHAWITE,1
Positive26413,TPAWRIYST,1
Positive26424,xTNTSGFAN,1
Positive26429,GFANKTQDV,1
Positive26435,QDVLLVAQY,1
Positive26445,EIIEQLDVT,1
Positive26496,xFMPGPLVN,1
Positive26501,PLVNSVSTK,1
Positive26506,VSTKEGDSS,1
Positive26520,TADEWDIIx,1
Positive26540,PYYAKPAAV,1
Positive26549,xASPYGNAx,1
Positive26557,SPMFIINRN,1
Positive26562,INRNTGEIR,1
Positive26572,VKEVASKTN,1
Positive26587,NPHSSNICN,1
Positive26603,xLGPALLLL,1
Positive26616,FAERSVQKL,1
Positive26621,VQKLQKExx,1
Positive26627,xQLELPAVT,1
Positive26643,TYRATYQDF,1
Positive26651,xCKRIPNKK,1
Positive26664,IVSRQEKGK,1
Positive26674,NCIIEYGKQ,1
Positive26678,EYGKQNPDS,1
Positive26700,NGSVTSSGQ,1
Positive26729,FHDGINNNG,1
Positive26745,FDPQIQAIV,1
Positive26751,AIVSSPCHN,1
Positive26764,RIVFGASAS,1
Positive26770,SASDQPTQY,1
Positive26773,DQPTQYEEE,1
Positive26778,YEEEMTDYQ,1
Positive26790,KTKAVSRSQ,1
Positive26795,SRSQRAGLQ,1
Positive26812,xIFDNFLIT,1
Positive26815,DNFLITNDx,1
Positive26823,AEAAGRRLA,1
Positive26832,xQYYFNDDG,1
Positive26837,NDDGIMQVx,1
Positive26844,xKLRPFERD,1
Positive26859,NIKLVLDDC,1
Positive26871,xVVHGCPLP,1
Positive26877,PLPPTKAPP,1
Positive26888,FTLASSETG,1
Positive26898,RGILESLMC,1
Positive26901,LESLMCNES,1
Positive26906,CNESSMQSL,1
Positive26922,LKPGTNQFL,1
Positive26933,PDREYDFRD,1
Positive26941,xYMLDLQPE,1
Positive26946,LQPETTxxx,1
Positive26952,ITQSTQSFN,1
Positive26969,WGPISYANG,1
Positive26981,AAMAARPHS,1
Positive26986,RPHSIDGRV,1
Positive26992,GRVVEPKRA,1
Positive27002,FLEKTKKDF,1
Positive27019,ISASSCKCD,1
Positive27040,GFVQFVTST,1
Positive27051,xLRPILLPN,1
Positive27076,xKSNAATSY,1
Positive27081,ATSYINAII,1
Positive27086,NAIINSKSV,1
Positive27096,xFGISETQA,1
Positive27118,xxMANEGSN,1
Positive27127,xDAHHAADx,1
Positive27136,LIGSFAACV,1
Positive27143,xxLCAACSK,1
Positive27148,ACSKQVFCN,1
Positive27153,VFCNRRPER,1
Positive27164,xGRDRQPRL,1
Positive27192,xEERYKIQS,1
Positive27197,KIQSYSEYL,1
Positive27202,SEYLKDFWG,1
Positive27251,NIKSRSELM,1
Positive27264,xAPPPASTN,1
Positive27303,MRLEKDRFS,1
Positive27308,DRFSVNLDV,1
Positive27319,EEYILKKPR,1
Positive27339,CDLEDRDRS,1
Positive27354,xENSYEKSM,1
Positive27366,SEVAQGALT,1
Positive27379,xWYFDVWGA,1
Positive27384,VWGAGTTVT,1
Positive27405,LGKGGAKRH,1
Positive27410,AKRHRKVLR,1
Positive27420,APGQTGVIA,1
Positive27423,QTGVIADYN,1
Positive27428,ADYNYKLPx,1
Positive27438,TKEPGVLMG,1
Positive27443,VLMGGQSEx,1
Positive27450,xTIYGNDGN,1
Positive27453,YGNDGNDRx,1
Positive27494,xSGNLLFTG,1
Positive27506,APISGTVQS,1
Positive27511,TVQSAHLII,1
Positive27522,xREAQRSAE,1
Positive27529,xxAIFKSYC,1
Positive27534,KSYCEIIVT,1
Positive27539,IIVTHFPFD,1
Positive27552,xxTHDHRVV,1
Positive27557,HRVVKAIVA,1
Positive27562,AIVAGHHxx,1
Positive27568,xDWVCSVLA,1
Positive27573,SVLADFKAW,1
Positive27582,xFLAEGGGV,1
Positive27589,GVRGPRVVE,1
Positive27602,FSEEAQVKD,1
Positive27615,xLSNAIFVD,1
Positive27622,VDQLRKELN,1
Positive27630,xITCYVKAL,1
Positive27638,LAACKAAGI,1
Positive27644,AGIVAPTML,1
Positive27655,STAIASRSV,1
Positive27658,IASRSVADK,1
Positive27684,xxWGGQPPG,1
Positive27696,ALENKKKQL,1
Positive27701,KKQLSAGGK,1
Positive27713,GEIDLPLKG,1
Positive27718,PLKGTTNPN,1
Positive27738,CLIGAEHVD,1
Positive27743,EHVDTSYEC,1
Positive27754,LKLYTGEAC,1
Positive27759,GEACRTGDR,1
Positive27782,xKNLYDHAL,1
Positive27789,xxHGLTTEx,1
Positive27806,xPAELMRRF,1
Positive27819,GENKFVATA,1
Positive27830,xGVYLLPRR,1
Positive27880,GANSTNPDW,1
Positive27883,STNPDWDFN,1
Positive27915,xKQQGYKGA,1
Positive27920,YKGAGGYxx,1
Positive27941,YQCYFSADN,1
Positive27961,xTFTNPVVS,1
Positive27966,PVVSTTQWS,1
Positive27989,GRGNTLGLD,1
Positive27999,DQPSSHQPL,1
Positive28017,AHGGGYGGx,1
Positive28024,xMGQHPAKS,1
Positive28029,PAKSMDVRR,1
Positive28037,xSNKSASQN,1
Positive28050,YSKFWYLEH,1
Positive28060,xDKALKALP,1
Positive28082,xDHLKRVKD,1
Positive28087,RVKDLKKRR,1
Positive28098,xCPTGCQLQ,1
Positive28105,LQEALLQQE,1
Positive28110,LQQERPIRN,1
Positive28137,MKNNPVYSE,1
Positive28158,PGHVSGHRM,1
Positive28190,PESPEKKKL,1
Positive28202,TNDQNRLTP,1
Positive28215,xxVTFTEVG,1
Positive28220,TEVGYTRAE,1
Positive28228,xLFIKAIED,1
Positive28235,EDAVALGAD,1
Positive28240,LGADVINLS,1
Positive28256,xxDEQDYQI,1
Positive28264,xxFQNEKWD,1
Positive28275,VTTNRDNAV,1
Positive28281,NAVTTTTNT,1
Positive28288,xxPSRRFST,1
Positive28305,TTAETLDAT,1
Positive28315,SGEQPSDEQ,1
Positive28321,DEQPSGEHG,1
Positive28330,LGTDGSHYW,1
Positive28334,GSHYWSKNW,1
Positive28349,LATRSFGSS,1
Positive28371,DSEEERQEY,1
Positive28376,RQEYVLTQQ,1
Positive28391,RKASGPPVS,1
Positive28403,TYVLDPENL,1
Positive28424,NSEKTTMPL,1
Positive28433,xGGESSEEL,1
Positive28438,SEELSESSF,1
Positive28453,GVEHRLNAA,1
Positive28458,LNAACNWTR,1
Positive28463,NWTRGERCD,1
Positive28471,xMTLFLFIS,1
Positive28474,LFLFISCNN,1
Positive28479,SCNNSGKDx,1
Positive28505,xxVKNKRTF,1
Positive28510,KRTFLSPWI,1
Positive28521,xEGAKGENK,1
Positive28527,ENKRPNDKA,1
Positive28564,WDTKDMAGY,1
Positive28569,MAGYGVKKI,1
Positive28580,GDAYIVPHG,1
Positive28585,VPHGDHYHY,1
Positive28590,HYHYIPKNE,1
Positive28599,xVRYMYDID,1
Positive28602,YMYDIDNNG,1
Positive28618,VDINEGALL,1
Positive28642,xIKMVSSLK,1
Positive28656,LQKDEPNGR,1
Positive28665,xKNVSINVE,1
Positive28669,SINVELYFD,1
Positive28681,LGAQKEAIS,1
Positive28688,ISPPDAASA,1
Positive28699,MLEPFQILx,1
Positive28722,LQLQPFPQP,1
Positive28739,xEGEVAALN,1
Positive28744,AALNRRIQL,1
Positive28754,xCILRQLRH,1
Positive28759,QLRHLPSRV,1
Positive28764,PSRVRYPHY,1
Positive28789,VFLKAGDSD,1
Positive28806,SASGSGVRG,1
Positive28827,ARLEEEGQS,1
Positive28832,EGQSLKDEM,1
Positive28852,RDLVVSYVN,1
Positive28866,DDHLKERSS,1
Positive28912,VEHKHRTLI,1
Positive28917,RTLILHLYP,1
Positive28925,xKSHDYSEK,1
Positive28949,xLLISQAEA,1
Positive28958,ALENLVILN,1
Positive28969,xGSIGAASM,1
Positive28972,IGAASMEFx,1
Positive28990,YSYGAGSTE,1
Positive29000,xFLFPPKPx,1
Positive29009,DGTNPSTEE,1
Positive29014,STEEMGDDF,1
Positive29030,xxACCNGIR,1
Positive29057,xxTFASRGT,1
Positive29111,xxKGKNVLI,1
Positive29144,xMVNINDTD,1
Positive29150,DTDTWIPKG,1
Positive29162,KDVKFGADA,1
Positive29190,xTRQAAAEI,1
Positive29206,xMSKTLHAQ,1
Positive29212,HAQLGFKKT,1
Positive29241,AANQAAYQK,1
Positive29246,AYQKALAAY,1
Positive29259,GVNQELAYF,1
Positive29264,LAYFYPELF,1
Positive29269,PELFRQFYQ,1
Positive29278,YEQLNDSSE,1
Positive29282,NDSSEEEDE,1
Positive29327,LPQKSQRSQ,1
Positive29331,SQRSQDENP,1
Positive29341,xGDRAAGQP,1
Positive29374,xPKPAKSPx,1
Positive29382,DPDYVPPVV,1
Positive29398,xPQDANYFR,1
Positive29403,NYFRNVSGT,1
Positive29423,xADLSLEKA,1
Positive29428,LEKAANVQW,1
Positive29439,RRPIWIMGH,1
Positive29444,IMGHMVNAI,1
Positive29453,xRKTSERSQ,1
Positive29487,KRDKEGKVS,1
Positive29493,KVSTLPLDx,1
Positive29500,xLIGLLAIA,1
Positive29506,AIAGIRLHR,1
Positive29511,RLHRAAIYT,1
Positive29516,AIYTAEIHK,1
Positive29524,xEKNVTVTH,1
Positive29529,TVTHSVNLL,1
Positive29539,xIMIKAEEY,1
Positive29560,MGPNLVLPD,1
Positive29573,xWTQTDDET,1
Positive29579,DETKYESHG,1
Positive29584,ESHGMHVTG,1
Positive29599,PLRMFLGPK,1
Positive29618,xxVSRGCAV,1
Positive29623,GCAVTCPKP,1
Positive29652,xELKLAALC,1
Positive29657,AALCHGEDS,1
Positive29674,KKWDPLKKE,1
Positive29681,xxVEQHHRR,1
Positive29685,QHHRRTDxx,1
Positive29700,ERRRKKRGL,1
Positive29706,RGLFGAIAG,1
Positive29728,TSGPCGEES,1
Positive29752,xDKLTTREI,1
Positive29757,TREIEQVEL,1
Positive29761,EQVELLKRI,1
Positive29766,LKRIYDKLx,1
Positive29784,GVNPNNAAG,1
Positive29789,NAAGLPGKC,1
Positive29799,EEPVSQRAS,1
Positive29814,GVFVFNGTS,1
Positive29845,LACQCLVRT,1
Positive29854,xDEDKRDGN,1
Positive29858,KRDGNNEDN,1
Positive29864,EDNEKLRKP,1
Positive29869,LRKPKHKKL,1
Positive29878,RDETVRAAP,1
Positive29883,RAAPYDWRL,1
Positive29888,DWRLEPGQQ,1
Positive29899,RQKLEDSYR,1
Positive29918,xCDLPQTHS,1
Positive29923,QTHSLGNRR,1
Positive29928,GNRRALILL,1
Positive29933,LILLAQMGR,1
Positive29945,IKHPEVKSA,1
Positive29968,ALGEGGVDW,1
Positive29977,GIGNIGDRN,1
Positive29990,FEVFNFVPC,1
Positive30000,xxPMIHFGN,1
Positive30018,xIPPWEAPK,1
Positive30025,PKEHKYKAx,1
Positive30031,xxPKLEPWK,1
Positive30060,xxPTTTVPN,1
Positive30081,PGTDGIPGA,1
Positive30084,DGIPGAKGx,1
Positive30093,FQLQLTEPP,1
Positive30100,PPSKSQPQV,1
Positive30151,xxEPAGSNR,1
Positive30160,VDLLVGAAA,1
Positive30165,GAAAFCSAM,1
Positive30170,CSAMYVGDL,1
Positive30194,xxQVVVMKS,1
Positive30197,VVVMKSKND,1
Positive30202,SKNDQGITN,1
Positive30214,xITIMDNGN,1
Positive30219,DNGNIDTEL,1
Positive30224,DTELLVGTL,1
Positive30243,xEWDGYRFK,1
Positive30249,RFKVKYFVP,1
Positive30259,KDAGTIAGL,1
Positive30264,IAGLEVLRI,1
Positive30269,VLRIINEPT,1
Positive30280,MKLFAFIFI,1
Positive30284,AFIFICVKS,1
Positive30289,CVKSCSLLF,1
Positive30307,YTEDEVVSS,1
Positive30321,NPPDHSAPL,1
Positive30327,APLGVTRPS,1
Positive30340,VNGENLVGD,1
Positive30346,VGDDVVLAT,1
Positive30361,xFSRAYPTP,1
Positive30380,SAAANYTxx,1
Positive30386,xYAINSEQS,1
Positive30412,RPDAEYWNS,1
Positive30415,AEYWNSQKD,1
Positive30420,SQKDLLEQK,1
Positive30430,xxHQQGGWS,1
Positive30436,GWSTLIEDN,1
Positive30457,FPKMSAYDY,1
Positive30465,xSSPSNVKS,1
Positive30471,VKSASPHGE,1
Positive30480,xKYLTEMSR,1
Positive30486,MSRASDILS,1
Positive30496,TSPAEGVTE,1
Positive30502,VTETKTLVI,1
Positive30511,xRQDENYEE,1
Positive30516,NYEEAIVHL,1
Positive30521,IVHLKVAAL,1
Positive30531,xCNFNAAGR,1
Positive30536,AAGRGTCQT,1
Positive30550,PKTNLKHVA,1
Positive30602,xxEFRLYYY,1
Positive30607,LYYYNKFKD,1
Positive30613,FKDIASTLN,1
Positive30622,xNEREDERT,1
Positive30631,LTKEYEDIV,1
Positive30641,xTAQSTMKA,1
Positive30646,TMKAEEITP,1
Positive30661,GSTCAEDGN,1
Positive30669,xGLMDNMRY,1
Positive30674,NMRYLYDDK,1
Positive30679,YDDKHVSEI,1
Positive30686,xxDYHRVMY,1
Positive30696,xxTFHQALL,1
Positive30707,KRQIYTDIE,1
Positive30713,DIEMNRLGK,1
Positive30722,ILFGWERTR,1
Positive30726,WERTREDGV,1
Positive30731,EDGVQEYIK,1
Positive30742,EPAVYFKEQ,1
Positive30748,KEQFLDGDG,1
Positive30753,DGDGWTSRW,1
Positive30766,TQKIPKANA,1
Positive30773,NAADADTDT,1
Positive30785,ALPIWARPD,1
Positive30790,ARPDYNPPL,1
Positive30796,PPLLESWKD,1
Positive30799,LESWKDPDx,1
Positive30813,xxGIRKFAA,1
Positive30823,AVKLERMxx,1
Positive30829,xLQQIMENQ,1
Positive30833,IMENQSDRL,1
Positive30838,SDRLQGRQQ,1
Positive30843,GRQQEQQFK,1
Positive30846,QEQQFKREx,1
Positive30852,xxAPQQIDI,1
Positive30855,PQQIDISNT,1
Positive30863,TRATQSQFD,1
Positive30875,SAALGALGR,1
Positive30878,LGALGRFDE,1
Positive30885,xxGAYKRHH,1
Positive30890,KRHHQVQEG,1
Positive30897,xxMCQCVQK,1
Positive30902,CVQKYGTEF,1
Positive30908,TEFCKKRLA,1
Positive30917,AIIEVDNEQ,1
Positive30922,DNEQPTTRA,1
Positive30951,DQHQVGNET,1
Positive30959,xCCAFKNQK,1
Positive30976,EVRAELPGV,1
Positive30985,DPDKDVDIM,1
Positive31006,EEVKATPAG,1
Positive31015,CDDDDDNDG,1
Positive31020,DNDGVPDSR,1
Positive31023,GVPDSRDNC,1
Positive31035,GVGVELENS,1
Positive31049,xDQAMEDIK,1
Positive31083,APNVPLHRS,1
Positive31144,GRSGSGNFx,1
Positive31151,xEKPCLEKP,1
Positive31163,xASVDKRHD,1
Positive31173,xPWHLGKLE,1
Positive31184,PRENKLKQP,1
Positive31194,DRADGQPAG,1
Positive31206,INASVVNIQ,1
Positive31211,VNIQKEIDR,1
Positive31224,ESKSINVEV,1
Positive31234,LCVWNNKTP,1
Positive31243,xLLDKIYTS,1
Positive31254,xAVPYPQRD,1
Positive31264,xSTPGIVIx,1
Positive31271,xKNQVSLTx,1
Positive31277,xxEKRKGML,1
Positive31282,KGMLEKSCK,1
Positive31301,xNTWKSWKR,1
Positive31304,WKSWKRVDN,1
Positive31307,WKRVDNNTD,1
Positive31316,xDKTEIPTI,1
Positive31327,DIERRIAMR,1
Positive31339,EGIPPDQQR,1
Positive31346,QRLIFAxxx,1
Positive31351,xDSYVVAFS,1
Positive31356,VAFSDEMVP,1
Positive31367,GKKKDEPNQ,1
Positive31372,EPNQPSTPE,1
Positive31403,xEKGVPLYR,1
Positive31408,PLYRHIADL,1
Positive31413,IADLAGNSE,1
Positive31423,HWTTQGCNC,1
Positive31430,xxKHIDAYK,1
Positive31435,DAYKTFPPT,1
Positive31441,PPTEPKKDK,1
Positive31444,EPKKDKKKx,1
Positive31470,ELENLCTPI,1
Positive31476,TPIMTNMYQ,1
Positive31481,NMYQGMAGA,1
Positive31490,xEPPDDDDS,1
Positive31508,EDVFQNGFT,1
Positive31520,PEVFGKEKV,1
Positive31525,KEKVNELSK,1
Positive31530,ELSKDIGSE,1
Positive31546,xGFTIADPD,1
Positive31551,ADPDDRGML,1
Positive31563,DTKGGLYRW,1
Positive31569,YRWRSPVxx,1
Positive31575,xVKPLPSPD,1
Positive31586,YYVMTIGTK,1
Positive31591,IGTKHFLVH,1
Positive31596,FLVHREWFN,1
Positive31601,EWFNDLLLP,1
Positive31609,xKYALADAS,1
Positive31629,LSPPLRNTH,1
Positive31634,RNTHPQAxx,1
Positive31654,PPRPAGDNA,1
Positive31660,DNATVAAGH,1
Positive31669,xxCKKYENF,1
Positive31689,GKQTHQSVA,1
Positive31694,QSVAISRxx,1
Positive31700,xDSGCVVSW,1
Positive31712,PTNLDYVPQ,1
Positive31717,YVPQFLRWx,1
Positive31736,EDGSGDSEN,1
Positive31743,ENPGTARAW,1
Positive31777,xRCEPVVCY,1
Positive31782,VVCYLYGKR,1
Positive31790,RGGGKSLTx,1
Positive31796,xxSESQTLD,1
Positive31801,QTLDKVYQM,1
Positive31808,xxTAKDGME,1
Positive31814,GMEYYNKMG,1
Positive31819,NKMGELYKQ,1
Positive31843,QKVKEISNQ,1
Positive31867,ACQKHTPPA,1
Positive31875,xTTTYTASA,1
Positive31890,LTTTHARHL,1
Positive31898,xLKPIRKKV,1
Positive31903,RKKVGIVFQ,1
Positive31924,xASSNSAQG,1
Positive31927,SNSAQGSDE,1
Positive31940,STFVVDGPE,1
Positive31947,PETKECPDE,1
Positive31957,FERTPSGNL,1
Positive31965,xKKISNCVA,1
Positive31970,NCVADYSVL,1
Positive31981,xxNDFNFDD,1
Positive31986,NFDDYNYWT,1
Positive31999,RRRVNAANK,1
Positive32004,AANKKPEDL,1
Positive32018,MQGSVTEFL,1
Positive32024,EFLKPRLVD,1
Positive32029,RLVDIEQVS,1
Positive32043,LRKSNAAER,1
Positive32048,AAERRGPLx,1
Positive32054,xxVLVLNPS,1
Positive32059,LNPSVAATL,1
Positive32064,AATLGFGAY,1
Positive32094,FPPQSVLSL,1
Positive32105,EKEPTPPTR,1
Positive32116,xxLKIVSPM,1
Positive32127,xSKILKTEF,1
Positive32130,ILKTEFNNN,1
Positive32136,NNNSLSDKY,1
Positive32145,xGEGAVQWM,1
Positive32151,QWMNRLIAF,1
Positive32165,HHQPQQTFP,1
Positive32175,AGPKAQVEA,1
Positive32187,xFTDFVKPR,1
Positive32206,VPRNAELGD,1
Positive32211,ELGDRKGKI,1
Positive32216,KGKIHIPFx,1
Positive32232,FQTGGIGNL,1
Positive32237,IGNLPVRNW,1
Positive32252,xQQFNQQAP,1
Positive32258,QAPLNLENT,1
Positive32261,LNLENTNNG,1
Positive32272,MKKPGENIK,1
Positive32280,KPLSCKYSY,1
Positive32286,YSYPKHxxx,1
Positive32300,ATQPPVLAL,1
Positive32309,LNFKGRWLR,1
Positive32320,xDVSQTSVT,1
Positive32324,QTSVTALPS,1
Positive32329,ALPSKGLEH,1
Positive32340,xPNHTPASN,1
Positive32345,PASNMPAGN,1
Positive32348,NMPAGNMEx,1
Positive32375,NVEVHLTKK,1
Positive32386,SIALRQEQI,1
Positive32389,LRQEQIDNQ,1
Positive32416,SDGLYPFTN,1
Positive32427,EIWSNKDLI,1
Positive32432,KDLINVQPx,1
Positive32441,DDYNLEDVW,1
Positive32446,EDVWQFMKV,1
Positive32451,FMKVRLMTE,1
Positive32454,VRLMTEQEx,1
Positive32461,xIRFKDDTS,1
Positive32464,FKDDTSFED,1
Positive32482,xAQPVKIDN,1
Positive32526,LLVDVEPKV,1
Positive32532,PKVKSKKRE,1
Positive32546,SQTTTCLSG,1
Positive32551,CLSGICYKK,1
Positive32561,FQVGKFPED,1
Positive32566,FPEDFESCD,1
Positive32579,ASPGVLRGA,1
Positive32584,LRGAHNLDx,1
Positive32590,xxDVESYSS,1
Positive32612,SHRSERERR,1
Positive32632,AGTTGGILW,1
Positive32645,ELDKYFKNH,1
Positive32651,KNHTSPDVD,1
Positive32658,xxxQQPVRL,1
Positive32683,xxxTEDQAM,1
Positive32696,AEIVYKSPV,1
Positive32701,KSPVVSGDT,1
Positive32708,DTSPRHLxx,1
Positive32715,HGKSRIALT,1
Positive32721,ALTNSVNEA,1
Positive32734,PKPKKDETI,1
Positive32739,DETIQCCTK,1
Positive32751,AGDNFPYLV,1
Positive32767,VELPCRISP,1
Positive32822,xLSEDRRQV,1
Positive32827,RRQVRLGDT,1
Positive32838,xSEKSKCEE,1
Positive32843,KCEENTMFQ,1
Positive32853,xAPSVTLFx,1
Positive32882,GQGDGGRRK,1
Positive32887,GRRKKGGWF,1
Positive32892,GGWFGKHRG,1
Positive32899,xxVVGYGVW,1
Positive32923,CPPDIIPKx,1
Positive32932,KYIPIQYVL,1
Positive32940,xTNMLGYTD,1
Positive32954,PPTRTPDQA,1
Positive32957,RTPDQAEPN,1
Positive32969,xVSVAFGNP,1
Positive32974,FGNPGDTPV,1
Positive33000,AVHAAHAEI,1
Positive33011,RNVPEKQTx,1
Positive33018,xVTGKVEYT,1
Positive33023,VEYTKYNDD,1
Positive33044,xxDIETPRA,1
Positive33049,TPRAGKKES,1
Positive33057,STVMTSGSA,1
Positive33067,ASPGSGFWS,1
Positive33072,GFWSFGSED,1
Positive33086,YYDGRRSxx,1
Positive33144,IWKAPHVAK,1
Positive33149,HVAKYFDDQ,1
Positive33157,xSATRELDE,1
Positive33163,LDELMASLS,1
Positive33232,xWDTVTFHx,1
Positive33238,xxDTKVMKC,1
Positive33243,VMKCVLEVI,1
Positive33255,KVLEAELLV,1
Positive33260,ELLVLRQKH,1
Positive33274,SGTATAPPD,1
Positive33293,xKKKFRVAT,1
Positive33296,KFRVATYDD,1
Positive33325,LRAQACAFW,1
Positive33343,xSEHETRLV,1
Positive33348,TRLVAKLFK,1
Positive33359,xEIEVHMPP,1
Positive33362,EVHMPPDTx,1
Positive33369,xSPLTVEWR,1
Positive33375,EWRARSESA,1
Positive33379,RSESAQSKM,1
Positive33388,SAATSSTPR,1
Positive33392,SSTPREAPY,1
Positive33404,QQLGEVAPY,1
Positive33414,SGASTGIYE,1
Positive33428,KLIAQGGKA,1
Positive33433,GGKAKICGL,1
Positive33441,xYIADKHGM,1
Positive33450,xWNSTTFHQ,1
Positive33460,xNFENAFEI,1
Positive33465,AFEIAGASI,1
Positive33470,GASILLEFI,1
Positive33517,xYTEPRSVT,1
Positive33526,PEERSVFQP,1
Positive33555,xxKEEIERM,1
Positive33560,IERMVQEAE,1
Positive33574,ERDTERDRF,1
Positive33580,DRFLSADEA,1
Positive33598,MPIQAFLLY,1
Positive33608,xxDVAGLQx,1
Positive33614,xxHGYEKPE,1
Positive33619,EKPEELWTA,1
Positive33634,xPPQGGVVT,1
Positive33650,IPYVKEVEA,1
Positive33656,VEAEDLREC,1
Positive33661,LRECNRIVF,1
Positive33675,PTIAGAGDV,1
Positive33744,xLEIGWKAW,1
Positive33761,STEQNVPDP,1
Positive33781,xxPQGQGKV,1
Positive33856,KISSDEAKN,1
Positive33868,xTEVPFRLx,1
Positive33875,xTKYPLLKL,1
Positive33880,LLKLLGSTW,1
Positive33885,GSTWPTTPP,1
Positive33895,xLEPETGKD,1
Positive33900,TGKDMSPYE,1
Positive33905,SPYEAYKRG,1
Positive33915,xPDGPDGPE,1
Positive33943,KNTTTTQTQ,1
Positive33980,KANCLNTxx,1
Positive34005,xxSQALQEL,1
Positive34012,ELISELDRR,1
Positive34046,xAAFYKTFK,1
Positive34056,xLVKGQQYD,1
Positive34066,xTFLNSKKE,1
Positive34072,KKEIVDRKY,1
Positive34106,RIHAEFVQQ,1
Positive34111,FVQQKNFLV,1
Positive34115,KNFLVEEEQ,1
Positive34134,xxNGNATPQ,1
Positive34139,ATPQLTKNA,1
Positive34148,ANIQLVEKD,1
Positive34162,xASPSHVGW,1
Positive34167,HVGWWSFAx,1
Positive34202,FYFDLLRAK,1
Positive34227,xxSKLNESI,1
Positive34231,LNESINKAM,1
Positive34236,NKAMININK,1
Positive34273,xKVVNGRTV,1
Positive34280,xxMKCGMWG,1
Positive34303,YWTLYSWxx,1
Positive34310,AATVLQLPQ,1
Positive34316,LPQGTTLPK,1
Positive34323,xxKWCFRVC,1
Positive34328,FRVCYRGIC,1
Positive34333,RGICYRRCR,1
Positive34377,TLGEDPQYH,1
Positive34382,PQYHEEWVx,1
Positive34394,KKAPAKKGE,1
Positive34414,QSARRGEKx,1
Positive34447,EDERAAVDT,1
Positive34461,LSGCSSNKS,1
Positive34465,SSNKSTTGS,1
Positive34498,SKYIQTLKx,1
Positive34513,xCGKGLSAT,1
Positive34519,SATVTGGQK,1
Positive34525,GQKGRGSRx,1
Positive34531,xxNERIEYN,1
Positive34536,IEYNTQSNY,1
Positive34541,QSNYIENDF,1
Positive34566,xxGFTWTGV,1
Positive34579,AQGARVYAY,1
Positive34588,xRSDYKFYE,1
Positive34592,YKFYEDANG,1
Positive34597,DANGTRDHK,1
Positive34612,GDLQEYLRH,1
Positive34617,YLRHVTRxx,1
Positive34627,VAPPAPVYR,1
Positive34632,PVYRDHSEK,1
Positive34643,xHYTQMVWG,1
Positive34648,MVWGKTKEI,1
Positive34653,TKEIGCGSI,1
Positive34680,MEQFIRAFI,1
Positive34683,FIRAFIEID,1
Positive34686,AFIEIDKDN,1
Positive34691,DKDNNELID,1
Positive34698,xxYGLFHKE,1
Positive34712,AYATEPHAK,1
Positive34758,YRLWHYPCT,1
Positive34766,xVMVLCNRA,1
Positive34769,VLCNRAFNx,1
Positive34776,xMVDRGWGx,1
Positive34784,WVCTTFHTS,1
Positive34789,FHTSGYDTQ,1
Positive34798,xHNTPVYKL,1
Positive34837,xYYVFFEEQ,1
Positive34853,xFCVDPTKG,1
Positive34872,AEDKENYKK,1
Positive34884,TASPISSIF,1
Positive34892,xKKQPTVTL,1
Positive34898,VTLLPAADM,1
Positive34901,LPAADMDDF,1
Positive34911,ANGNGSGDN,1
Positive34915,GSGDNGDTT,1
Positive34923,xxIRPAGFC,1
Positive34929,GFCDGYCKT,1
Positive34939,xMQWNSTAF,1
Positive34945,TAFHQTLQx,1
Positive34962,xEMKLRPSN,1
Positive34967,RPSNFRNLE,1
Positive34981,QPDGGQPAV,1
Positive34996,SYSYNKDNN,1
Positive35003,NNELSHFAx,1
Positive35010,xAVRKEQQQ,1
Positive35014,KEQQQRGRR,1
Positive35017,QQRGRREQE,1
Positive35021,RREQEWEEE,1
Positive35035,ATPRAHEVS,1
Positive35049,KGEVQEPNQ,1
Positive35057,xEPERTAMK,1
Positive35062,TAMKKIQDC,1
Positive35073,HSDLVAEKQ,1
Positive35079,EKQRLEDLG,1
Positive35091,xRPPMGGHM,1
Positive35096,GGHMPMMPG,1
Positive35105,PPMMRPPAR,1
Positive35136,VEGMQFDRG,1
Positive35141,FDRGYLSPY,1
Positive35153,QDAVSRTQR,1
Positive35158,RTQRRGRTG,1
Positive35211,xxEENVEHD,1
Positive35215,NVEHDAEEN,1
Positive35228,AEENVEENV,1
Positive35241,TSTAPAEAG,1
Positive35254,YGVSATKLN,1
Positive35259,TKLNDLCFS,1
Positive35272,QNPPVLKRH,1
Positive35283,GDGNDIITD,1
Positive35293,LKNKIFPKK,1
Positive35296,KIFPKKKED,1
Positive35301,KKEDNQAVD,1
Positive35333,KQNTLKLAT,1
Positive35341,TGMRNVPEK,1
Positive35359,NNFRAGFVS,1
Positive35371,xFCNAVVES,1
Positive35375,AVVESNGxx,1
Positive35390,PNWHIPSIQ,1
Positive35398,xxGHEAQPH,1
Positive35403,AQPHSRPYM,1
Positive35414,xSEWTNVDI,1
Positive35419,NVDIQPARS,1
Positive35424,PARSWGTYV,1
Positive35431,xxIELRFVL,1
Positive35437,FVLTKLRVI,1
Positive35444,xxCYGSFAK,1
Positive35456,LDVVCAMIE,1
Positive35491,RMVNDAMKY,1
Positive35494,NDAMKYEED,1
Positive35504,TFTNKLKEK,1
Positive35545,xDLSNNFGK,1
Positive35551,FGKLFEVKP,1
Positive35562,SVVTKDSES,1
Positive35568,SESKITQTQ,1
Positive35581,PDTDVPLSS,1
Positive35592,VSLESVDVY,1
Positive35597,VDVYFQDVF,1
Positive35602,QDVFGTMWC,1
Positive35612,PTSFCGYGD,1
Positive35617,GYGDYLRKP,1
Positive35622,LRKPESFGK,1
Positive35668,xQPADGSSA,1
Positive35686,PTDPKTHPH,1
Positive35691,THPHGPADA,1
Positive35705,KKENAANVN,1
Positive35710,ANVNGTVGA,1
Positive35730,PGTNNPENP,1
Positive35735,PENPITESA,1
Positive35761,CKLRGVAPL,1
Positive35773,xxSNMCYVV,1
Positive35778,CYVVCQYGP,1
Positive35808,xRLVLRRNA,1
Positive35813,RRNALRRPF,1
Positive35824,LLPDPSAPT,1
Positive35834,ENMHIDIYL,1
Positive35851,GSFSYVTGL,1
Positive35862,IIAEQSNST,1
Positive35865,EQSNSTVDN,1
Positive35868,NSTVDNQKx,1
Positive35915,xSTYQLVQQ,1
Positive35926,CPGHANRKQ,1
Positive35943,xTKKQKTDE,1
Positive35946,KQKTDEDDx,1
Positive35954,TKYLLIYND,1
Positive35957,LLIYNDNKT,1
Positive35963,NKTVESKSI,1
Positive35971,xKSTAKDCT,1
Positive35976,KDCTFKPDF,1
Positive35981,KPDFEMTVK,1
Positive36034,TADDYRQKW,1
Positive36045,xTTQTKPKS,1
Positive36056,EAEEWYKSK,1
Positive36061,YKSKFADLS,1
Positive36066,ADLSEAANR,1
Positive36074,xxINDQIKF,1
Positive36114,LQGVPESPF,1
Positive36132,VSIDDDTPM,1
Positive36142,APVTVTRFV,1
Positive36158,DLVAQKEEF,1
Positive36167,xxLASSTII,1
Positive36179,EDVTFQVGL,1
Positive36184,QVGLNQYLx,1
Positive36192,KAYSNCYPY,1
Positive36212,VLYQEFDEM,1
Positive36217,FDEMEECAS,1
Positive36234,SAFVFPTKD,1
Positive36242,xVPLYNRFS,1
Positive36248,RFSYIPNGA,1
Positive36253,PNGALKFVD,1
Positive36274,VLGGGCALL,1
Positive36281,LLRCIPALD,1
Positive36286,PALDSLTPA,1
Positive36289,DSLTPANED,1
Positive36314,LEGKGFEPT,1
Positive36319,FEPTLEALF,1
Positive36336,xAYGIKSNV,1
Positive36349,KRPGPAGEL,1
Positive36358,xTKYKQRNG,1
Positive36363,QRNGWSHKD,1
Positive36369,HKDLLRLSH,1
Positive36380,xSRGNHVSP,1
Positive36404,STGGRQGSH,1
Positive36408,RQGSHHExx,1
Positive36414,xQFAGKDLE,1
Positive36429,FLLATEDDV,1
Positive36434,EDDVRHHFT,1
Positive36474,xHEQQLVTA,1
Positive36480,VTARQKLKx,1
Positive36496,DVLIRWGEV,1
Positive36522,SMFSVGPSQ,1
Positive36555,GETLGEKWK,1
Positive36569,KLPDDFMGC,1
Positive36574,FMGCVLAWN,1
Positive36585,xYIEQGMQL,1
Positive36591,MQLAEQFKQ,1
Positive36600,DLVLYNNAD,1
Positive36673,xVIGHEITH,1
Positive36684,xSLAYGLRx,1
Positive36727,KITRGSSRP,1
Positive36736,xQQLIVARQ,1
Positive36749,xxFIEVEEL,1
Positive36756,ELKLFLQNF,1
Positive36766,DEDVSDIER,1
Positive36783,PARAHQMSP,1
Positive36791,xVDKGHNYC,1
Positive36796,HNYCGYPEN,1
Positive36801,YPENLLIxx,1
Positive36817,xYYTCCPxx,1
Positive36822,xxLRGKLKW,1
Positive36827,KLKWRPDEE,1
Positive36838,xDGIMHTRC,1
Positive36843,HTRCHCGAE,1
Positive36858,YNMSIRRSx,1
Positive36865,xQEEYGEFY,1
Positive36870,GEFYKSLTN,1
Positive36873,YKSLTNDWx,1
Positive36880,xDAYVLLSE,1
Positive36909,xDKCQEVIS,1
Positive36915,VISWLDANT,1
Positive36941,DLYKSFIKD,1
Positive36946,FIKDYPVVS,1
Positive36954,xKAEFHRWS,1
Positive36969,SRPTYPYTG,1
Positive36986,TESTFTGEA,1
Positive37002,VELQPPPQG,1
Positive37039,VELNDKNQF,1
Positive37045,NQFKLTSSA,1
Positive37048,KLTSSANSK,1
Positive37056,xEVLAMRKQ,1
Positive37077,CCDLDPQAR,1
Positive37082,PQARVAIKS,1
Positive37090,xSAYLAYRN,1
Positive37102,KLTAYQTEL,1
Positive37108,TELARVQKA,1
Positive37117,xPAATHQDI,1
Positive37123,QDIDFLIEE,1
Positive37134,xRRRATQLA,1
Positive37144,xDDKEKDPQ,1
Positive37151,PQYRALMGE,1
Positive37156,LMGENQDLR,1
Positive37168,TLLRAVESY,1
Positive37195,ERSSLRYGN,1
Positive37242,xxYAASSYL,1
Positive37276,EVLTRRQSQ,1
Positive37282,QSQDPKYVT,1
Positive37294,xTFGAASNK,1
Positive37302,KAFAEALST,1
Positive37362,STRVRCGRS,1
Positive37367,CGRSLQGYP,1
Positive37375,xGGSNVFDM,1
Positive37380,VFDMFTQRQ,1
Positive37390,xNLSSDIIG,1
Positive37395,DIIGQLELM,1
Positive37400,LELMPNIER,1
Positive37409,xDLVNCNLN,1
Positive37414,CNLNTNCVA,1
Positive37421,VAVAFSLPD,1
Positive37445,ALDKYELEN,1
Positive37448,KYELENHDx,1
Positive37456,GWAGYWRGS,1
Positive37459,GYWRGSNHS,1
Positive37467,xLLSDTDNA,1
Positive37472,TDNAAFPQM,1
Positive37477,FPQMTKSYK,1
Positive37480,MTKSYKNTx,1
Positive37511,xxCKFTLVL,1
Positive37518,VLTKCGSQV,1
Positive37528,WYWGPSLYS,1
Positive37538,RLPLPPNQK,1
Positive37555,xEFSLPTHH,1
Positive37560,PTHHTVRLI,1
Positive37578,MSGEKPTVE,1
Positive37598,xFTPFYYQS,1
Positive37609,xxNDYCLRE,1
Positive37614,CLRECKQQG,1
Positive37636,GPDSGFFSR,1
Positive37641,FFSRLNWLY,1
Positive37649,xLGKIIAQQ,1
Positive37653,IIAQQNxxx,1
Positive37657,xxTCVKKWE,1
Positive37662,KKWEGGGRR,1
Positive37680,ALQDPKVRG,1
Positive37695,xITRPFSVY,1
Positive37700,FSVYFNPYT,1
Positive37706,PYTQSIEIL,1
Positive37716,xAIGDRSKT,1
Positive37719,GDRSKTDRE,1
Positive37724,TDRENSVSI,1
Positive37734,PQAQNAPQV,1
Positive37737,QNAPQVENA,1
Positive37755,KATKDEKIE,1
Positive37765,GPGSKLPWL,1
Positive37806,xAGLGAGIP,1
Positive37814,xFNVPIKEA,1
Positive37818,PIKEAGEDC,1
Positive37829,xGKPRGYAF,1
Positive37834,GYAFIEYEH,1
Positive37837,FIEYEHERD,1
Positive37855,VVGHELTHA,1
Positive37867,AKAEYETKL,1
Positive37886,TLVKTITDD,1
Positive37898,xIHPFAQTQ,1
Positive37913,LCDICTNTM,1
Positive37916,ICTNTMDVx,1
Positive37947,FADIGDIVR,1
Positive37960,TDSVRDPKT,1
Positive37965,DPKTSEILD,1
Positive37981,xNYYQQKPV,1
Positive37994,GANDLAKFH,1
Positive37999,AKFHQMLMK,1
Positive38003,QMLMKIIMK,1
Positive38029,ADAPAPINF,1
Positive38034,PINFTMLLN,1
Positive38043,xYGGTEIKY,1
Positive38046,GTEIKYNGx,1
Positive38063,NTQIYTIND,1
Positive38068,TINDKILSY,1
Positive38073,ILSYTESMA,1
Positive38076,YTESMAGKx,1
Positive38083,xRHVIQVSN,1
Positive38089,VSNEVVTDD,1
Positive38131,xxVLYREFD,1
Positive38145,VPPADLSDQ,1
Positive38155,xNAKGFMPS,1
Positive38160,FMPSTTAYP,1
Positive38163,STTAYPFND,1
Positive38166,AYPFNDNSR,1
Positive38181,MDDFSRQLQ,1
Positive38191,KNLPPPLGG,1
Positive38200,AAGHPGSAV,1
Positive38205,GSAVSAAPG,1
Positive38213,xPETTDLYC,1
Positive38221,xxDARSVNG,1
Positive38273,RFFVAPFPE,1
Positive38281,xIGDSVSRA,1
Positive38293,LPDRSLSAI,1
Positive38298,LSAIPLFDV,1
Positive38310,QLERISVYY,1
Positive38313,RISVYYNEA,1
Positive38338,NIETVIEFQ,1
Positive38341,TVIEFQQKN,1
Positive38346,QQKNNRLLE,1
Positive38361,ATGIAAVLT,1
Positive38376,HPDTGISSK,1
Positive38381,ISSKAMGIM,1
Positive38391,PAFVSEYYE,1
Positive38399,xxYSNIGVC,1
Positive38423,xxYGQEPNW,1
Positive38437,GFGDNRKNQ,1
Positive38447,CNYYSNSYS,1
Positive38451,SNSYSFWLA,1
Positive38456,FWLASLDPK,1
Positive38466,TQEENTERH,1
Positive38471,TERHTTEDV,1
Positive38481,xxMVLVYYE,1
Positive38486,VYYESIAYS,1
Positive38504,xAKVNIKPL,1
Positive38517,xTEDSHPPY,1
Positive38525,YKQTQPGAx,1
Positive38533,QPKVDANAD,1
Positive38537,DANADEEAE,1
Positive38541,DEEAEAVGE,1
Positive38563,VPAKSCQAQ,1
Positive38576,EALADQTDA,1
Positive38610,YATFDEFPP,1
Positive38630,YPSGAWYYV,1
Positive38635,WYYVPLGTQ,1
Positive38655,SGVLTTSCG,1
Positive38660,TSCGNTLTC,1
Positive38668,xGALRNYIG,1
Positive38696,xxKDTLRIA,1
Positive38744,ASATKDGSH,1
Positive38750,GSHYKITGT,1
Positive38763,xRLCVQPPF,1
Positive38768,QPPFFLVQE,1
Positive38773,LVQEKGIAD,1
Positive38823,xPDPLSPGE,1
Positive38835,FNYETETTS,1
Positive38840,ETTSVIPAA,1
Positive38845,IPAARLFKA,1
Positive38855,xGFYPGSIE,1
Positive38862,IEVRWFLNG,1
Positive38896,QVRRPEMGD,1
Positive38907,YVATRSETD,1
Positive38912,SETDYYAGN,1
Positive38924,xTGEPVELK,1
Positive38938,KEAENLKKY,1
Positive38950,xQSQTPETP,1
Positive38956,ETPATPLSC,1
Positive38961,PLSCCTETQ,1
Positive38971,QQEKNEQEL,1
Positive39002,KENSYADIK,1
Positive39012,APNADTIAx,1
Positive39028,xITSKQVDD,1
Positive39041,PRISCGINY,1
Positive39052,SKVQDIIDL,1
Positive39055,QDIIDLIDH,1
Positive39063,xAESVSQNN,1
Positive39072,QSLRQRKSV,1
Positive39079,SVNALNSPL,1
Positive39090,xxKNWKEES,1
Positive39096,EESDRKIMQ,1
Positive39108,TDLNVQRKA,1
Positive39113,QRKAIHELI,1
Positive39118,HELIQVMAE,1
Positive39128,xPRIGGQRE,1
Positive39141,xxFHISCLT,1
Positive39146,SCLTFGRET,1
Positive39164,FHGADSDIE,1
Positive39169,SDIEWLQKD,1
Positive39190,MLATVAFNT,1
Positive39195,AFNTFTDNV,1
Positive39207,TLAEADRTN,1
Positive39218,xRVKTWRMH,1
Positive39226,xMVYEALDC,1
Positive39244,SLLTFMIAA,1
Positive39249,MIAATYNFA,1
Positive39257,xxVYDEELQ,1
Positive39262,EELQMHILR,1
Positive39289,xSVTCPQQV,1
Positive39297,xHHDSLESR,1
Positive39305,RRLREEEDx,1
Positive39312,xNADACFCI,1
Positive39315,DACFCIDNE,1
Positive39351,KESTQKAID,1
Positive39367,xKLVEYCDF,1
Positive39372,YCDFLTTFV,1
Positive39377,TTFVHAKKK,1
Positive39401,NDKGRLSRA,1
Positive39407,SRAEIERMV,1
Positive39415,xDSRCPTQG,1
Positive39420,PTQGEAVLP,1
Positive39445,xTDSRKISH,1
Positive39450,KISHSCTHP,1
Positive39461,HFPFDQQNC,1
Positive39467,QNCTMKLGI,1
Positive39476,xxRIHMVYS,1
Positive39481,MVYSKRSGK,1
Positive39498,xYPFRLPIK,1
Positive39504,PIKGVPIEL,1
Positive39516,PAKSAPAPK,1
Positive39541,xMFSGGGGP,1
Positive39567,YWLSTPEPM,1
Positive39591,YLQELARSN,1
Positive39596,ARSNGTLEG,1
Positive39604,GLFAAAAPx,1
Positive39632,SSSTPLLYP,1
Positive39643,xWYGYHHSN,1
Positive39652,TLEEFSAKL,1
Positive39659,xxDCNFCRQ,1
Positive39664,FCRQMTGAS,1
Positive39680,xLMDAAVDV,1
Positive39716,FMGLCCPTK,1
Positive39745,GDKRTLTLN,1
Positive39750,LTLNTTANY,1
Positive39774,FPAESKSVI,1
Positive39779,KSVIIGCTG,1
Positive39819,IEELQSNHG,1
Positive39827,xxYMTEPID,1
Positive39832,EPIDEYCVQ,1
Positive39843,xNEDEQIGA,1
Positive39848,QIGARIVLx,1
Positive39857,CGVNVPYKI,1
Positive39887,DFTYDQVAF,1
Positive39903,TPEKNPQLR,1
Positive39908,PQLRDLDIF,1
Positive39917,xFKLEKEVA,1
Positive39927,KRMEVGQQA,1
Positive39938,xPLLSAGIF,1
Positive39944,GIFGAKPLQ,1
Positive39964,WGSIKGLTE,1
Positive40008,TVAELQRLK,1
Positive40013,QRLKMKVGK,1
Positive40044,EEMENLSDR,1
Positive40082,RPEGREGEQ,1
Positive40090,xHGDTPTLH,1
Positive40095,PTLHEYMLD,1
Positive40113,AASAYCSTW,1
Positive40132,xxYGAPEIT,1
Positive40135,GAPEITKDG,1
Positive40143,GYKVIKSIK,1
Positive40152,CFHQGKEYA,1
Positive40180,QIYKAQAQT,1
Positive40212,xDWTFQTLV,1
Positive40217,QTLVMLETV,1
Positive40238,KSVCGPVYC,1
Positive40244,VYCFTPSPV,1
Positive40265,TLPKGFYAE,1
Positive40287,xMSTNPKPQ,1
Positive40300,LEENAGGEQ,1
Positive40305,GGEQEERGQ,1
Positive40315,QQTQQPFPL,1
Positive40329,TQSFNDFTR,1
Positive40339,xHCDGFQNE,1
Positive40347,EKWDLFVEx,1
Positive40354,xSVSATHAK,1
Positive40359,THAKSSPYQ,1
Positive40362,KSSPYQKKx,1
Positive40397,GAGSLQPLx,1
Positive40404,xGKLEYSYC,1
Positive40409,YSYCAPEAG,1
Positive40414,PEAGWQCAx,1
Positive40420,xxREWIKFA,1
Positive40425,IKFAAACRE,1
Positive40434,RAILTAFSP,1
Positive40440,FSPAQDIWG,1
Positive40452,QPELVPEDP,1
Positive40490,VVRAPAKPR,1
Positive40498,xxFSIATGS,1
Positive40505,GSGNSQGGS,1
Positive40510,QGGSGSYTP,1
Positive40559,EKAKRAVRG,1
Positive40562,KRAVRGRQD,1
Positive40567,GRQDRPKEF,1
Positive40577,SDDDDEDSQ,1
Positive40580,DDEDSQENA,1
Positive40583,DSQENADKN,1
Positive40586,ENADKNEDG,1
Positive40599,GDLQVLTPK,1
Positive40623,xICLACRKR,1
Positive40627,ACRKRRKRC,1
Positive40632,RKRCMRHAM,1
Positive40637,RHAMCCPGN,1
Positive40647,xTVLRDPVF,1
Positive40682,DLVEYIMNY,1
Positive40687,IMNYTGNQQ,1
Positive40692,GNQQSRWGL,1
Positive40697,RWGLGSPNC,1
Positive40707,GADSYEMEE,1
Positive40713,MEEDGVRKC,1
Positive40721,xRESRNPGN,1
Positive40733,MNEVLNKMD,1
Positive40746,xKTSRSESK,1
Positive40755,xTLIDINGK,1
Positive40761,NGKTKSVFF,1
Positive40766,SVFFEYNIR,1
Positive40774,xRANDKGSV,1
Positive40780,GSVISLARL,1
Positive40797,HYNCLLWGE,1
Positive40827,DVCNFASRN,1
Positive40845,CLQMNKKDM,1
Positive40850,KKDMVAIKH,1
Positive40856,IKHLLSExx,1
Positive40861,xxKFGNYNH,1
Positive40867,YNHTQLLGQ,1
Positive40886,xGITGETTT,1
Positive40892,TTTTEYSNA,1
Positive40914,KNQFDHYSR,1
Positive40919,HYSRHESCA,1
Positive40930,IAYCADCGA,1
Positive40941,SCHSPVAIE,1
Positive40963,EDRSTQASL,1
Positive40967,TQASLEEAI,1
Positive41015,PWVVVDGKP,1
Positive41033,NPPLVETWK,1
Positive41039,TWKKPDYEP,1
Positive41047,xxDPMFTPK,1
Positive41071,TLGTIGSNS,1
Positive41077,SNSSGKTEL,1
Positive41097,xEPEPDVAV,1
Positive41106,xYVFLPPEE,1
Positive41109,FLPPEEEEK,1
Positive41121,GDINKVLEK,1
Positive41126,VLEKLGYSG,1
Positive41140,EDPVLAKKV,1
Positive41146,KKVPETFPE,1
Positive41150,ETFPELKPG,1
Positive41160,MDAIKKKMQ,1
Positive41166,KMQAMKLEK,1
Positive41193,VLIELEPPF,1
Positive41197,LEPPFGDSY,1
Positive41202,GDSYIVVGR,1
Positive41205,YIVVGRGEx,1
Positive41225,AIPTNFSIS,1
Positive41231,SISITTEVM,1
Positive41244,STNLDVTNS,1
Positive41269,xRFTPKLGS,1
Positive41278,xxYDTGATN,1
Positive41285,TNQRHPPGE,1
Positive41324,ATELNNALQ,1
Positive41330,ALQNLARTI,1
Positive41372,xMRQLDTNV,1
Positive41375,QLDTNVERx,1
Positive41396,KVSRRSNFE,1
Positive41408,TMKTTVTVD,1
Positive41415,VDDVTAIRN,1
Positive41427,xYNDDEPNG,1
Positive41434,NGAIRFTMG,1
Positive41441,xxRNCKKLG,1
Positive41446,KKLGPRENV,1
Positive41463,xGQFRVIGP,1
Positive41486,SPNCHGPDW,1
Positive41493,DWASPVCQR,1
Positive41503,xQFYQLDAY,1
Positive41529,ERANLRPCE,1
Positive41534,RPCEQHLMQ,1
Positive41545,xFRKRKNST,1
Positive41549,RKNSTSLQS,1
Positive41554,SLQSHIPSD,1
Positive41565,xGTVIEGPC,1
Positive41602,DEMKVIDDV,1
Positive41614,VVKQPDYLV,1
Positive41620,YLVVPGEVM,1
Positive41625,GEVMEYKPR,1
Positive41635,LTDCVVMRD,1
Positive41641,MRDPASKRS,1
Positive41669,PFVPRADEP,1
Positive41676,EPARKGKVH,1
Positive41691,TDQELDEML,1
Positive41728,EAAEAFLGF,1
Positive41733,FLGFSYAPP,1
Positive41737,SYAPPTDSF,1
Positive41745,xSDWRFLRG,1
Positive41798,RPLNLINFQ,1
Positive41803,INFQRMIQC,1
Positive41823,TLEREVQNx,1
Positive41835,ELGPEKKDK,1
Positive41850,PKSNQSLGW,1
Positive41861,xxSADLDQF,1
Positive41868,QFPLGRKFL,1
Positive41877,xVSFLQHQT,1
Positive41888,LTNKNAAKL,1
Positive41913,VRKGEKKLA,1
Positive41925,LVVMKGGHx,1
Positive41933,PKINRSAPE,1
Positive41945,EDINGIRRP,1
Positive41972,KKRKEEEEx,1
Positive41980,VYPPSSTAK,1
Positive41986,TAKSSVSNA,1
Positive41991,VSNAPPVAS,1
Positive42012,PQQLPQFEE,1
Positive42020,xNNQRKKAK,1
Positive42025,KKAKNTPFN,1
Positive42030,TPFNMLKRE,1
Positive42041,LKARDINDI,1
Positive42047,NDIFAILKN,1
Positive42054,xxQIFNLFS,1
Positive42060,LFSTKDSSA,1
Positive42071,YPTNVNLFN,1
Positive42077,LFNYKYSLx,1
Positive42082,xxxNRGKMD,1
Positive42087,GKMDVSGVQ,1
Positive42093,GVQAPVGAI,1
Positive42104,xSSLEYNIF,1
Positive42109,YNIFEGMEC,1
Positive42169,xxRIKNTDG,1
Positive42184,EGGEDDRRP,1
Positive42195,SNTSNGPSS,1
Positive42209,QRKTTEDRP,1
Positive42251,MIQCTTRRx,1
Positive42280,ATWVDLVLE,1
Positive42283,VDLVLEGDS,1
Positive42288,EGDSCLTIx,1
Positive42295,xPIVNKQSC,1
Positive42300,KQSCSISNI,1
Positive42323,EKAGQKLID,1
Positive42328,KLIDVNHYA,1
Positive42340,PPEHRGGPE,1
Positive42346,GPEEFEGAG,1
Positive42349,EFEGAGDGx,1
Positive42358,SSIKLKEEQ,1
Positive42363,KEEQRITTT,1
Positive42387,xMVQIITYR,1
Positive42392,ITYRDYLPL,1
Positive42401,xxSPAQNTV,1
Positive42412,ISSILSKTG,1
Positive42415,ILSKTGDPx,1
Positive42440,REYRKKMDI,1
Positive42476,PGTCEICAY,1
Positive42481,ICAYAACTG,1
Positive42515,NHVRIPIGY,1
Positive42545,FGFPEHLLV,1
Positive42551,LLVDFLQSL,1
Positive42575,LNAGLAPET,1
Positive42592,LTLVQLTLQ,1
Positive42603,VNGNMALDD,1
Positive42608,ALDDIHAQI,1
Positive42618,GNINLTDTS,1
Positive42639,VAANNAKNA,1
Positive42657,xMQPLNEKQ,1
Positive42667,xADLIAAQK,1
Positive42672,AAQKLASKP,1
Positive42680,xASHVSIFA,1
Positive42685,SIFAMVIGL,1
Positive42701,xxNLPYYID,1
Positive42704,LPYYIDDKx,1
Positive42725,KKTRHYFIA,1
Positive42735,xDSSNDVAD,1
Positive42741,VADRVKWKP,1
Positive42759,GPYAGPMER,1
Positive42776,GALASAIKE,1
Positive42780,SAIKETFEE,1
Positive42801,xASSGIGPE,1
Positive42809,xPQTPLHLQ,1
Positive42814,LHLQVPPCQ,1
Positive42819,PPCQVGIFL,1
Positive42827,xxFDFYEVT,1
Positive42834,VTSRTPVRA,1
Positive42846,AEGSSSVEY,1
Positive42849,SSSVEYINN,1
Positive42887,TTSEYPSQP,1
Positive42897,xRNSQFVAL,1
Positive42941,xNFCPKARE,1
Positive42947,ARELTDAET,1
Positive42958,KAIINYQYN,1
Positive42965,YNQYTEEEK,1
Positive42977,SSKAKELKD,1
Positive42985,DRHRDFPDV,1
Positive42994,xxCSVSYLM,1
Positive42999,SYLMKKMIP,1
Positive43005,MIPLAVEKL,1
Positive43018,ETDKATIGF,1
Positive43023,TIGFEVQEE,1
Positive43053,xPTTMGPKR,1
Positive43063,GTGDRLINL,1
Positive43077,xEAITDRIM,1
Positive43104,LKAKPKFTL,1
Positive43110,FTLGKRKAT,1
Positive43135,HTPYINIYN,1
Positive43168,TDYQKIQQG,1
Positive43173,IQQGFRQNN,1
Positive43178,RQNNREMIK,1
Positive43212,EPKLLAFSA,1
Positive43218,FSAPSPGDT,1
Positive43226,TVTAVKRSS,1
Positive43235,ANGILNVTA,1
Positive43241,VTAVEKSTG,1
Positive43251,KFVDSTVVA,1
Positive43255,STVVASVTI,1
Positive43260,SVTIIDRSL,1
Positive43271,RCIGISNRD,1
Positive43311,RTLTGMFSL,1
Positive43327,AWQVAAPCP,1
Positive43332,APCPGACVC,1
Positive43359,EEARPAAGT,1
Positive43377,xRVVVTPDK,1
Positive43408,TEGTGDWSS,1
Positive43418,EPEEEQEET,1
Positive43429,FADLMGYIP,1
Positive43441,LPKIFIKPN,1
Positive43446,IKPNAQKxx,1
Positive43467,xMKLVRFLM,1
Positive43472,RFLMKLSHE,1
Positive43477,LSHETVTIE,1
Positive43500,EYLNFIRGV,1
Positive43533,TGAQTIKGQ,1
Positive43538,IKGQKLYFK,1
Positive43543,LYFKANGQQ,1
Positive43556,ASHLPYIEQ,1
Positive43577,LDSMTEVED,1
Positive43605,xDQVDVKDC,1
Positive43610,VKDCANHEI,1
Positive43620,xCAFTGPLR,1
Positive43625,GPLRPFFSP,1
Positive43648,ERQSYWFEx,1
Positive43666,xxPNEEYTW,1
Positive43670,EEYTWEEDP,1
Positive43675,EEDPLAGIx,1
Positive43683,LPKSAKPVS,1
Positive43690,VSQMRMATP,1
Positive43712,EADVNPKPI,1
Positive43717,PKPIPSQMP,1
Positive43722,SQMPTSPxx,1
Positive43745,LSQDEIDRM,1
Positive43762,DDGYRPPPF,1
Positive43767,PPPFNPRPS,1
Positive43779,DKLDTNSVY,1
Positive43784,NSVYEPYYH,1
Positive43787,YEPYYHSDH,1
Positive43798,WQVAAENSD,1
Positive43802,AENSDDTKF,1
Positive43845,FFSPGFNDG,1
Positive43848,PGFNDGGKN,1
Positive43853,GGKNTAPLT,1
Positive43860,xxxNCSWCH,1
Positive43865,SWCHVLQRC,1
Positive43874,xTLHVVQRG,1
Positive43885,SVGVGIFLL,1
Positive43896,xRTGESVEF,1
Positive43928,EDTITYKCP,1
Positive43935,CPLLRQNEP,1
Positive43958,xAQGHRPQD,1
Positive43999,xxHDCRPKK,1
Positive44008,xVATEEVKI,1
Positive44013,EVKITVDDK,1
Positive44018,VDDKHYQKA,1
Positive44021,KHYQKALNx,1
Positive44028,xPNCRIHSD,1
Positive44031,CRIHSDNDC,1
Positive44051,xSSCFGGRI,1
Positive44058,RIDRIGAQS,1
Positive44073,RQAESSEAM,1
Positive44082,AAWSERAGE,1
Positive44091,xTDDKTLDE,1
Positive44096,TLDEAEKSP,1
Positive44129,RLSHLKPSS,1
Positive44134,KPSSEGLAI,1
Positive44146,GRLILLCVG,1
Positive44149,ILLCVGNNT,1
Positive44159,EKELLNRIQ,1
Positive44172,GALLTSVTF,1
Positive44181,ELLFDGTNx,1
Positive44196,KSAIEGIKY,1
Positive44201,GIKYIAETM,1
Positive44218,TSYKRRYVE,1
Positive44267,PLCTTNTKE,1
Positive44270,TTNTKEGSN,1
Positive44276,GSNICLTRT,1
Positive44287,xHRIFLAGD,1
Positive44299,YVRPIIEDY,1
Positive44311,STLRRVEAK,1
Positive44331,xMGSRTRDR,1
Positive44339,xVEQKHIQK,1
Positive44361,EQIKLDEGW,1
Positive44375,HACAIPASY,1
Positive44381,ASYEFVHCC,1
Positive44398,xxLRLDCRH,1
Positive44413,IDPKLQEYL,1
Positive44430,xDGDLKNDT,1
Positive44435,KNDTTGYKG,1
Positive44476,ADAGFMKQY,1
Positive44487,xxHRTFGQF,1
Positive44493,GQFLEELRN,1
Positive44503,xFSRGVGHY,1
Positive44516,xDPRILPFT,1
Positive44525,SPSPGDFVD,1
Positive44557,RDSEGDLVA,1
Positive44589,xTDAYNQKL,1
Positive44613,xMVLLQMxx,1
Positive44620,ALPFWNEEI,1
Positive44625,NEEIVPQIK,1
Positive44635,GDLNPPPEA,1
Positive44640,PPEAKQVPV,1
Positive44645,QVPVSYYDS,1
Positive44652,xxQENSTYA,1
Positive44657,STYAVRNSN,1
Positive44689,GQYIDHDIA,1
Positive44720,GEYGEVTVD,1
Positive44726,TVDCEPRSG,1
Positive44739,xLAQEAGNF,1
Positive44744,AGNFERISG,1
Positive44754,xSIKDHFNV,1
Positive44759,HFNVYKATR,1
Positive44775,xAVNRVPRS,1
Positive44807,WFLAHHTGG,1
Positive44819,VDIIEGPVK,1
Positive44828,xxMNVRNFL,1
Positive44836,LKEDAMKTK,1
Positive44841,MKTKTHYHA,1
Positive44877,xPSVYVRQE,1
Positive44882,VRQELTPDQ,1
Positive44892,CYNPKFEEV,1
Positive44902,STRWTELDD,1
Positive44913,RLLKGSRSA,1
Positive44922,GSVLSGFSK,1
Positive44934,STRPTNGSR,1
Positive44937,PTNGSREGD,1
Positive44988,PPCPAPELL,1
Positive45008,xMDIAIHHP,1
Positive45013,IHHPWIRRP,1
Positive45033,KATRPYLAH,1
Positive45044,VEHAVVYYV,1
Positive45049,VYYVYSPSR,1
Positive45076,DKESGTETG,1
Positive45088,FPEEEFDGH,1
Positive45125,YGYATLSYA,1
Positive45147,VGPLEVIPE,1
Positive45153,IPEAVDPAG,1
Positive45158,DPAGSSIVx,1
Positive45170,TCDSIAFPS,1
Positive45189,xAALGDSLY,1
Positive45194,DSLYGAASL,1
Positive45215,YIEQAQVIA,1
Positive45230,QAIKAKKLN,1
Positive45235,KKLNVPQPK,1
Positive45252,KLELDATNA,1
Positive45289,DKKTEETTL,1
Positive45294,ETTLLEDRI,1
Positive45304,VRESNTTEC,1
Positive45309,TTECDSKII,1
Positive45319,xSAWNSDSE,1
Positive45324,SDSEKPFDD,1
Positive45349,xAQATKLMQ,1
Positive45422,PGSSERGSA,1
Positive45427,RGSAGHWTS,1
Positive45430,AGHWTSESx,1
Positive45452,xKSMKVTVA,1
Positive45489,FLRLLDLAQ,1
Positive45495,LAQEGLKEE,1
Positive45512,RALKRRNAR,1
Positive45524,xPTPGKGPA,1
Positive45536,TTPAASPGN,1
Positive45539,AASPGNTSD,1
Positive45557,EAYQGVQQK,1
Positive45563,QQKWDATAT,1
Positive45581,HLIIRFDEx,1
Positive45608,KITCFLTAA,1
Positive45623,KNNNSTNSG,1
Positive45633,VQPQVNKEI,1
Positive45637,VNKEIRxxx,1
Positive45644,GNLQLRNKE,1
Positive45670,FKHLREFVF,1
Positive45676,FVFKNKDGF,1
Positive45694,MGPMGIPPx,1
Positive45701,xIVAPVKQT,1
Positive45725,xGTACLPFY,1
Positive45730,LPFYRSSAA,1
Positive45786,LPASFNYGA,1
Positive45814,SEEIVTEEG,1
Positive45819,TEEGSVAQE,1
Positive45834,xxYPFMWGG,1
Positive45839,MWGGAYCFx,1
Positive45846,xCAELCDPS,1
Positive45851,CDPSNKPGH,1
Positive45911,NFIVDDRGR,1
Positive45916,DRGRVHRWK,1
Positive45958,FLPVGAFNS,1
Positive45962,GAFNSDNFK,1
Positive45967,DNFKSKGRG,1
Positive45991,NLHIDPTLI,1
Positive46022,GTSSDVGGY,1
Positive46027,VGGYNYVSW,1
Positive46037,MTFEGAIGI,1
Positive46043,IGIDLGTTY,1
Positive46048,GTTYSCVGV,1
Positive46057,KCDSTLRLC,1
Positive46063,RLCVQSTHV,1
Positive46079,PPISGGGYR,1
Positive46084,GGYRARPAK,1
Positive46097,IQIIAATMS,1
Positive46102,ATMSKAKQY,1
Positive46107,AKQYNICCK,1
Positive46116,xTHLKASSG,1
Positive46133,INGLARTTA,1
Positive46136,LARTTADRQ,1
Positive46146,xALLRFVNP,1
Positive46151,FVNPDTGRV,1
Positive46157,GRVLFECKL,1
Positive46168,xEEKNNINF,1
Positive46172,NNINFNIDD,1
Positive46177,NIDDLSSKL,1
Positive46187,xDIREVIAN,1
Positive46192,VIANGEIIF,1
Positive46212,EIETCMKTI,1
Positive46235,xDWICTVLT,1
Positive46241,VLTDFKTWL,1
Positive46277,KNQIQLFNL,1
Positive46283,FNLESSKIE,1
Positive46295,xKTPACWxx,1
Positive46302,LPQRQKKQx,1
Positive46310,ESPEHCSPH,1
Positive46322,DFFNLNQEW,1
Positive46329,EWRVYTYKY,1
Positive46341,TYDNECLLC,1
Positive46352,xxxDTHSKR,1
Positive46357,HSKRTLLIK,1
Positive46362,LLIKTVETR,1
Positive46375,xPGKVCGSN,1
Positive46381,GSNLLSICK,1
Positive46392,xxWWEEERY,1
Positive46398,ERYPEGIKW,1
Positive46407,xxGQDLTAH,1
Positive46432,PITARIHAH,1
Positive46437,IHAHLKAYA,1
Positive46445,xHVFDETTL,1
Positive46489,ESDEEFDDG,1
Positive46492,EEFDDGSND,1
Positive46498,SNDETDDKE,1
Positive46501,ETDDKEDEG,1
Positive46511,xFNENMAYx,1
Positive46532,TYDDNPWVT,1
Positive46561,CSTLVEKDV,1
Positive46566,EKDVAPKDE,1
Positive46590,xxQQKKEGP,1
Positive46598,PIPPDAQNP,1
Positive46606,xCFGNSEYx,1
Positive46631,GTVTGHPTF,1
Positive46636,HPTFNALLD,1
Positive46661,YAHGFKGLV,1
Positive46679,GLSRVNAAV,1
Positive46684,NAAVANRDx,1
Positive46710,DKLKLTGDE,1
Positive46722,xDANFDSIR,1
Positive46727,DSIRVDAVD,1
Positive46731,VDAVDNVDA,1
Positive46736,NVDADLLQx,1
Positive46757,YFVPLTDLW,1
Positive46765,xAPTSMLDQ,1
Positive46777,CRIGHDRCG,1
Positive46780,GHDRCGEDx,1
Positive46789,RFLAEEADR,1
Positive46802,xCASYHTVS,1
Positive46807,HTVSLLRST,1
Positive46818,xxIMSALAM,1
Positive46836,TPAQGNSMF,1
Positive46861,xSDDQGPNL,1
Positive46870,xSIVYEAAD,1
Positive46891,MGRGAPPPG,1
Positive46925,xGRHSAEYY,1
Positive46960,NEKFQESQE,1
Positive46992,QNNLPNDVF,1
Positive47005,KVKPTTEGG,1
Positive47032,xAGNRRPIW,1
Positive47054,xxKKNGRIL,1
Positive47059,GRILTLPRS,1
Positive47070,xRLLQRFNK,1
Positive47076,FNKRSPQLE,1
Positive47129,LRAHVSGRR,1
Positive47140,KVVLPENLE,1
Positive47146,NLEYTIVIT,1
Positive47181,xxxERCCNE,1
Positive47186,CCNELNEFE,1
Positive47189,ELNEFENNQ,1
Positive47194,ENNQRCMCE,1
Positive47199,CMCEALQQI,1
Positive47216,GPYEGYDST,1
Positive47225,xKPGPDNST,1
Positive47228,GPDNSTHNT,1
Positive47260,FFVRSIGSK,1
Positive47289,GQRDAADPD,1
Positive47298,xQTESPELQ,1
Positive47303,PELQSAPEN,1
Positive47314,QSATATYTN,1
Positive47319,TYTNLQNSY,1
Positive47354,AKDGFGIFF,1
Positive47373,xMERVVEQM,1
Positive47378,VEQMCVTQY,1
Positive47383,VTQYQKESQ,1
Positive47404,RYTCQREFx,1
Positive47437,xQSIQQSIE,1
Positive47443,SIERLWCRL,1
Positive47448,WCRLWPLPF,1
Positive47463,GPSLGASSH,1
Positive47495,GTIVIRVQY,1
Positive47509,NRLKVGLQV,1
Positive47519,CEQVLRLAV,1
Positive47524,RLAVVTSTE,1
Positive47529,TSTEGIHQL,1
Positive47547,xAIYENEIH,1
Positive47552,NEIHALWAD,1
Positive47562,xACRNLTIL,1
Positive47568,TILWLHSNV,1
Positive47600,RKAQKAVNL,1
Positive47607,xxxTPVLVW,1
Positive47612,VLVWIYGGx,1
Positive47624,xxxAREQQC,1
Positive47629,EQQCRRPNS,1
Positive47637,xxVPCSTCE,1
Positive47642,STCEGNLAC,1
Positive47647,NLACLSLCQ,1
Positive47656,FVAQNKIDS,1
Positive47670,SLDFQATTM,1
Positive47679,xMDMCSAGW,1
Positive47684,SAGWLADRS,1
Positive47700,VPMNCSSYA,1
Positive47710,RGWGNHCGL,1
Positive47727,EVSEVATEV,1
Positive47745,EVNQIVETN,1
Positive47751,ETNVRLRQQ,1
Positive47763,NEPNGNLQY,1
Positive47780,xTYKTGHGL,1
Positive47796,xIGLDPVAP,1
Positive47801,PVAPGDLTM,1
Positive47826,xKDGDTTNR,1
Positive47845,PAPGMRPPM,1
Positive47853,xALAGKVLR,1
Positive47864,CRQGVVDRG,1
Positive47873,WGNGCGLFG,1
Positive47933,xGMGVSCTV,1
Positive47938,SCTVTREDG,1
Positive47952,VSEMEQLKK,1
Positive47965,xQLPNVGIT,1
Positive47977,xSESHNFDA,1
Positive47986,VMSKLGVSW,1
Positive47998,KASAMYSGK,1
Positive48003,YSGKGPLND,1
Positive48015,xxNILKDNQ,1
Positive48020,KDNQQKIEK,1
Positive48027,EKAIEEADE,1
Positive48072,xLNRSGGNY,1
Positive48089,LPITVYYAV,1
Positive48107,ITQDELSKV,1
Positive48143,TGVPIDPAV,1
Positive48148,DPAVPDSSI,1
Positive48177,xxMKQYPST,1
Positive48183,PSTSTTVEG,1
Positive48209,xGTSSACIR,1
Positive48212,SSACIRRSN,1
Positive48218,RSNNSFFSR,1
Positive48251,VTKYITKGW,1
Positive48272,xxMSLPGRW,1
Positive48282,xxQQIEGYY,1
Positive48285,QIEGYYKRD,1
Positive48291,KRDMATGRR,1
Positive48296,TGRRLKEPV,1
Positive48338,PPAPKEDDP,1
Positive48368,PVVNSLDPP,1
Positive48373,LDPPLLTRY,1
Positive48426,xGQRVEFLV,1
Positive48432,FLVQAWKSK,1
Positive48442,YDYNCHVDL,1
Positive48451,AVGIGAVFL,1
Positive48482,PPPIDNGDI,1
Positive48508,xDIRTLEDL,1
Positive48527,xxTMTRVLQ,1
Positive48555,YCKTHLKAS,1
Positive48569,VNQQSCRIS,1
Positive48587,xRRFEYDDP,1
Positive48611,KAYAKINEE,1
Positive48623,GDGVDTIYG,1
Positive48632,QYIKANSKF,1
Positive48646,YPPEEETGE,1
Positive48657,EIRQVGDFH,1
Positive48671,VAAQLAPPS,1
Positive48697,IQEGNIGLM,1
Positive48709,ETSRSVFHQ,1
Positive48712,RSVFHQNGQ,1
Positive48721,GKNRAINML,1
Positive48735,xGDNNTYGG,1
Positive48741,YGGWFKDGQ,1
Positive48753,PSTDKEQTN,1
Positive48764,PNRVFKVNT,1
Positive48783,FDTGLSEMR,1
Positive48797,xENLLASSP,1
Positive48803,SSPRLAKYL,1
Positive48806,RLAKYLSNR,1
Positive48811,LSNRPATPF,1
Positive48821,GQKSAVTEY,1
Positive48830,MRGKSTEEA,1
Positive48835,TEEARKELQ,1
Positive48851,EVRKLKARV,1
Positive48860,xKGTVNLTW,1
Positive48880,AALFYTHKF,1
Positive48894,xARIYYRYD,1
Positive48905,xxMVRHENR,1
Positive48918,YSPSLNTRL,1
Positive48928,AVFNFPPNG,1
Positive48933,PPNGTHSWE,1
Positive48938,HSWEYWGAQ,1
Positive48955,xxQELPPPN,1
Positive48979,xVNVSVLCR,1
Positive48990,GSRTPPDEL,1
Positive49003,NLTTASVPM,1
Positive49009,VPMLRWYAE,1
Positive49023,PTRTIGGSQ,1
Positive49035,LADYKRRMA,1
Positive49038,YKRRMADAx,1
Positive49090,HIECRKPYK,1
Positive49098,KELRLEVGK,1
Positive49134,xVHHANENI,1
Positive49141,NIFYCPIAx,1
Positive49175,MEFKASPSV,1
Positive49214,VGLAVDTPW,1
Positive49220,TPWVEKESA,1
Positive49255,QEEKEKITK,1
Positive49268,xxLQHYWNN,1
Positive49271,QHYWNNGNN,1
Positive49276,NGNNGGRAY,1
Positive49287,EGECEVIDS,1
Positive49316,VEQEETNPE,1
Positive49331,EEAAMELKV,1
Positive49346,TTRAQKLFA,1
Positive49377,ISEATQVEQ,1
Positive49390,PFGVKYNPY,1
Positive49404,GGNIVDIDF,1
Positive49427,QGMMLAEQF,1
Positive49441,PVAPTQEVK,1
Positive49452,EEADKKTIT,1
Positive49458,TITSAVEEA,1
Positive49494,xINWENVTE,1
Positive49499,NVTERYMAC,1
Positive49502,ERYMACKKx,1
Positive49509,xLLDTSNLE,1
Positive49514,SNLELPEAV,1
Positive49520,EAVVFQDSV,1
Positive49528,xxSDAQMKE,1
Positive49536,xENDVLNQE,1
Positive49566,GEVPVKPSE,1
Positive49575,xNKFLNQCS,1
Positive49586,YLMNSMIPY,1
Positive49597,ESDGVDEDR,1
Positive49608,xCEYNVFHN,1
Positive49613,VFHNKTFEL,1
Positive49627,IQPAIQSSW,1
Positive49676,ASQSKAEKD,1
Positive49681,AEKDYDAAV,1
Positive49692,EISQASHYF,1
Positive49697,SHYFERHLE,1
Positive49705,xGAYGRCPN,1
Positive49729,xGRDPYSPS,1
Positive49734,YSPSQDPYS,1
Positive49743,PSQDPDRRD,1
Positive49753,xKPDCTAED,1
Positive49765,RNVGGDLDP,1
Positive49772,DPSSIPDKE,1
Positive49810,VKRLLQNSV,1
Positive49829,xxNWYVDGV,1
Positive49842,FGSLGGVFT,1
Positive49858,PKRALGTLx,1
Positive49894,IEDNWYTHY,1
Positive49899,YTHYLVCNY,1
Positive49904,VCNYGPGGN,1
Positive49922,KYVDNQRLL,1
Positive49927,QRLLSTFTE,1
Positive49950,DSSTYQYIY,1
Positive49961,xMSSSPVKR,1
Positive49968,KRQRMESAL,1
Positive49978,RDNTYNRVS,1
Positive49983,NRVSEDLRS,1
Positive50033,DKILVQANE,1
Positive50038,QANEAETTT,1
Positive50047,xDIDRGEEK,1
Positive50066,HAFRENCSP,1
Positive50071,NCSPGRCID,1
Positive50075,GRCIDDAxx,1
Positive50081,xRACYEIKC,1
Positive50084,CYEIKCKEx,1
Positive50097,NAIGQIDEF,1
Positive50109,xTKVSNGAF,1
Positive50124,QHNPINAGT,1
Positive50156,YRFTNFEPF,1
Positive50164,xATCMQVNL,1
Positive50169,QVNLEIMTS,1
Positive50179,LSKSFLEAG,1
Positive50201,xMMLFSLFL,1
Positive50205,FSLFLISIL,1
Positive50208,FLISILHIL,1
Positive50212,ILHILLVKC,1
Positive50224,KSSTENDES,1
Positive50232,SPMKPRHSI,1
Positive50246,LGTYRYVSS,1
Positive50270,YFEYHQEGx,1
Positive50287,NFGQTGDAD,1
Positive50298,DDEHVEEPT,1
Positive50304,EPTVADDEH,1
Positive50337,HAIALFLNQ,1
Positive50344,NQVHRSRAQ,1
Positive50355,xSGGSVASG,1
Positive50359,SVASGGSGN,1
Positive50370,xQPIRCEKD,1
Positive50380,xISDAMKKV,1
Positive50393,xPSCCCTKP,1
Positive50396,CCCTKPSDx,1
Positive50455,IKANIAEAN,1
Positive50460,AEANSDYDR,1
Positive50490,TFTMDGDTM,1
Positive50495,GDTMTMLTE,1
Positive50500,MLTESTFKN,1
Positive50509,xDQERSLMF,1
Positive50514,SLMFMQWGQ,1
Positive50568,NYQDYEYLI,1
Positive50591,xxNLCCSQW,1
Positive50614,QALVRMLAK,1
Positive50630,TLAYSPNRQ,1
Positive50636,NRQICPAGT,1
Positive50647,ALLDPSQGM,1
Positive50652,SQGMGPSLI,1
Positive50668,LGVINTLEW,1
Positive50720,SLKLMATLF,1
Positive50725,ATLFSTYAS,1
Positive50740,TTTWKEYSH,1
Positive50751,xINKRKYDS,1
Positive50767,ADDVVDAEV,1
Positive50790,QKIQLVNTN,1
Positive50824,xIPKPSPWA,1
Positive50834,KKHRRLSSD,1
Positive50845,HHAERNGSQ,1
Positive50851,GSQSTTSQS,1
Positive50860,xFGSKSPFF,1
Positive50865,SPFFRKYFx,1
Positive50874,DGPFSVRST,1
Positive50879,VRSTGWGGY,1
Positive50888,PYSDFEKVT,1
Positive50903,xKWEAAREA,1
Positive50925,RKGVITVKD,1
Positive50934,GVSSYMKVS,1
Positive50939,MKVSICLPM,1
Positive50954,SNPKFENIA,1
Positive50971,DETVPQSVR,1
Positive50976,QSVREAFNN,1
Positive51012,NFVPTSVTE,1
Positive51017,SVTEGRTDI,1
Positive51034,ESRRALQDS,1
Positive51044,xGKALCWVC,1
Positive51049,CWVCAQSRK,1
Positive51053,AQSRKHRDH,1
Positive51075,YVFDKSELT,1
Positive51084,xSAMILAAY,1
Positive51089,LAAYHPQQF,1
Positive51094,PQQFIYAGS,1
Positive51105,SDSSFFSYG,1
Positive51133,HLEGEVNKI,1
Positive51149,xNYYDMNAA,1
Positive51156,AANVGWNNS,1
Positive51167,xTHPFHHDP,1
Positive51179,LQKKETECE,1
Positive51198,QRQVAEFKE,1
Positive51208,xVEEERFHQ,1
Positive51215,HQQGAPRAx,1
Positive51237,GNDKIIGNS,1
Positive51250,QDAKLTWRN,1
Positive51258,xLLDQRLAL,1
Positive51271,VIDTNCINV,1
Positive51276,CINVIQPDG,1
Positive51287,xDVTRIESE,1
Positive51300,xxMSDGAVQ,1
Positive51316,xGQSFQNTW,1
Positive51338,xxNGTDRKT,1
Positive51343,DRKTIRQLV,1
Positive51348,RQLVWDAMx,1
Positive51356,EGLEYTWGN,1
Positive51381,LLHGGKGDD,1
Positive51393,EMDIPGQVN,1
Positive51409,xxWTDKGCF,1
Positive51414,KGCFCEDKL,1
Positive51419,EDKLHSCVI,1
Positive51432,QNSKSAYTP,1
Positive51451,xxGAVTVAW,1
Positive51459,xSVIALGSQ,1
Positive51469,GALHQALAG,1
Positive51493,GYYYPSDPN,1
Positive51500,PNTFYAPPY,1
Positive51528,xEDHRQVVE,1
Positive51534,VVEVTVGLQ,1
Positive51545,DFEVVTFLK,1
Positive51551,FLKDVLPEF,1
Positive51568,EPRCPYVGA,1
Positive51573,YVGADHFDC,1
Positive51587,LEKLPHEKH,1
Positive51590,LPHEKHHNQ,1
Positive51595,HHNQPYCGI,1
Positive51603,xIKKQIPRC,1
Positive51606,KQIPRCKDA,1
Positive51622,SLSEEEKEL,1
Positive51650,xDLYLENPE,1
Positive51667,ERESEIESH,1
Positive51672,IESHQGETE,1
Positive51689,ISETGGGTP,1
Positive51710,DDISDVGKA,1
Positive51732,PITQGECKQ,1
Positive51768,xNRIQVDSS,1
Positive51779,TCDQVKGRK,1
Positive51784,KGRKALIAC,1
Positive51789,LIACLAPDR,1
Positive51821,xITTIEDPV,1
Positive51841,xISKQEYDA,1
Positive51873,DAMSRLARL,1
Positive51876,SRLARLAPV,1
Positive51911,xEIEAFGKR,1
Positive51916,FGKRYFTDS,1
Positive51941,INNSDCHLT,1
Positive51954,xEMVDVVTG,1
Positive51973,KFIEGNGHS,1
Positive51978,NGHSFWYDM,1
Positive51995,DRSGYSSPG,1
Positive52009,xNSSPEYPR,1
Positive52015,YPRKEFASS,1
Positive52029,xQRPQDRHQ,1
Positive52055,DQMEVDSGP,1
Positive52073,VDNYELLKH,1
Positive52091,xGSYNRSSF,1
Positive52098,SFESSSGLV,1
Positive52106,xEAESISSS,1
Positive52113,SSEEIVPNS,1
Positive52124,VSVTDHKKW,1
Positive52129,HKKWQFNSP,1
Positive52145,QELVEEAIA,1
Positive52160,PSGLVIPEN,1
Positive52172,TFDGGKMxx,1
Positive52179,AYIDFEMKI,1
Positive52188,EMGPDGHQM,1
Positive52193,GHQMEYEEQ,1
Positive52211,xxKEWEQIY,1
Positive52259,LTAENTAIK,1
Positive52277,SLEGVYVPx,1
Positive52290,KKMDTKPTD,1
Positive52298,xLDLLFWEQ,1
Positive52303,FWEQGGLCK,1
Positive52309,LCKALQEQC,1
Positive52321,LLRRQVNEV,1
Positive52330,xKDEGSYFL,1
Positive52341,FTNRRCDSN,1
Positive52346,CDSNATNAR,1
Positive52354,xKTNACHNG,1
Positive52359,CHNGGGFSE,1
Positive52371,xGNNADVKY,1
Positive52376,DVKYVIYMx,1
Positive52383,xMRRVAIAG,1
Positive52414,LDDDLTDDI,1
Positive52446,SRPSWGPTD,1
Positive52467,NLSHSYAGD,1
Positive52481,LSYSFYNHS,1
Positive52540,DFDEDWENF,1
Positive52543,EDWENFEFD,1
Positive52561,TLTLSHFGK,1
Positive52572,DLALPWKHE,1
Positive52577,WKHEGAQNW,1
Positive52582,AQNWNNAER,1
Positive52591,ELAAALRGM,1
Positive52596,LRGMGINAV,1
Positive52604,xKSIGGRLG,1
Positive52642,TYKNIHGTS,1
Positive52650,SATAAAIQL,1
Positive52655,AIQLMCSxx,1
Positive52690,VLTPSSKRF,1
Positive52696,KRFQPFQQF,1
Positive52706,ITYGACPRY,1
Positive52716,xLNNTRPPQ,1
Positive52721,RPPQGNWFG,1
Positive52732,TEAQYKEME,1
Positive52738,EMESKVSST,1
Positive52766,xFFVQYGGA,1
Positive52785,xPACGRHYS,1
Positive52797,SNISKDRRY,1
Positive52802,DRRYADLTE,1
Positive52814,VLGYQKTVD,1
Positive52819,KTVDHTKVN,1
Positive52826,VNSKLSLFx,1
Positive52833,xKRPGSSPM,1
Positive52857,LENAQWFAF,1
Positive52888,xTANHDSPD,1
Positive52910,xxANCASIL,1
Positive52915,ASILCKCYT,1
Positive52942,IRLPSDDVW,1
Positive52961,DRFWWENEG,1
Positive52972,xLRLQTAGN,1
Positive52977,TAGNVDHVG,1
Positive52988,xKYEHGGNI,1
Positive52991,EHGGNIIDx,1
Positive52998,xKEGYKVRL,1
Positive53003,KVRLDLNIT,1
Positive53010,ITLEFRTTS,1
Positive53032,SANLAATKM,1
Positive53037,ATKMSECVL,1
Positive53047,AVDTGSGGG,1
Positive53052,SGGGGQPHD,1
Positive53057,QPHDTAPRG,1
Positive53062,APRGARKKQ,1
Positive53074,xxxIHPSFV,1
Positive53079,PSFVLTAAH,1
Positive53095,RAYIVLSIP,1
Positive53098,IVLSIPDLN,1
Positive53105,xxQSNQTNN,1
Positive53121,AFVSTSSSR,1
Positive53126,SSSRRYTEV,1
Positive53131,YTEVYxxxx,1
Positive53143,ITPHSGEEH,1
Positive53153,xIHSMNSTI,1
Positive53165,QMYKTPTLK,1
Positive53171,TLKYFGGFN,1
Positive53191,DYEMKLMDL,1
Positive53203,xCGPKLSTD,1
Positive53209,STDLIKNQC,1
Positive53240,xSIAADQLP,1
Positive53248,xYAQYMSRA,1
Positive53253,MSRAYAEFL,1
Positive53282,EKEKAELQA,1
Positive53329,MIAVALAGL,1
Positive53357,PFVEPVSIE,1
Positive53370,xLKMLNRDL,1
Positive53377,DLEQAYNEL,1
Positive53391,SKRYAKAMA,1
Positive53395,AKAMAKMGL,1
Positive53416,xHINTFFDT,1
Positive53421,FFDTLQKAD,1
Positive53434,xIQVVGDDL,1
Positive53439,GDDLTVTNP,1
Positive53444,VTNPKRIAK,1
Positive53455,DLYCYEQLN,1
Positive53484,LPGGGTALI,1
Positive53494,xECTGLAWE,1
Positive53507,PQFKPEExx,1
Positive53512,xxDITSFPL,1
Positive53526,HSSRQVTPL,1
Positive53536,xYDENSISP,1
Positive53555,PPMEPDHPF,1
Positive53613,xLTSTVICR,1
Positive53618,VICRWRVLG,1
Positive53661,LTVGHPYYQ,1
Positive53668,YQVTVGDKx,1
Positive53698,PSIPPDVSG,1
Positive53706,GFSITTSTD,1
Positive53779,xYDWRADWV,1
Positive53794,RAHHRRRRA,1
Positive53797,HRRRRASHR,1
Positive53840,VLTTSMGNT,1
Positive53852,CTSPYDGKY,1
Positive53858,GKYWSMYSR,1
Positive53868,AVGADESVV,1
Positive53874,SVVKEAHRE,1
Positive53890,SAMVQVHSQ,1
Positive53931,GGITGSMSL,1
Positive53939,LASGKSLLH,1
Positive53956,LAKLSDGVA,1
Positive53966,KMGDYGEVT,1
Positive53976,ECEPRSGLN,1
Positive53984,xRPEMGCGC,1
Positive54006,xKEEDDADA,1
Positive54011,DADATEVTS,1
Positive54039,YVLNETTNW,1
Positive54044,TTNWLWAFL,1
Positive54054,xSNENEWDG,1
Positive54069,xCIPTEYTM,1
Positive54074,EYTMHIERR,1
Positive54079,IERRECAYx,1
Positive54104,xDDQCQRQL,1
Positive54120,FEGIDFYTS,1
Positive54134,TNKKNVTVQ,1
Positive54150,IESDLISRY,1
Positive54158,YIDRISSPA,1
Positive54179,xHEGKAYFP,1
Positive54212,QPIYVYPDx,1
Positive54218,xxACKSTQD,1
Positive54236,xAAEESKLP,1
Positive54241,SKLPINPLS,1
Positive54247,PLSNSLLRH,1
Positive54255,xKFPSESRP,1
Positive54295,xVQIINKKL,1
Positive54302,KLDLSNVQS,1
Positive54312,xRVHVSKEE,1
Positive54326,xxSQWGWCG,1
Positive54337,xSNNVQIVR,1
Positive54343,IVRQQSYSI,1
Positive54352,KEIKKVATP,1
Positive54361,KKASKPKKx,1
Positive54369,KGMSYSMCT,1
Positive54375,MCTGKFKIV,1
Positive54418,AQKEEFEYD,1
Positive54431,PQPPHHQKW,1
Positive54436,HQKWPFPTT,1
Positive54457,KDLRKKSEL,1
Positive54460,RKKSELQGx,1
Positive54478,RCTTFDDVQ,1
Positive54503,LQLIQLINV,1
Positive54507,QLINVDEVN,1
Positive54518,GNSRRKITY,1
Positive54525,xxDHARHGF,1
Positive54541,xxxRCRLCD,1
Positive54546,RLCDEGHGL,1
Positive54577,GETPGQLLP,1
Positive54601,TISFSCNTG,1
Positive54614,xxSDIKTTT,1
Positive54619,KTTTSSHPV,1
Positive54681,IECGHSFCQ,1
Positive54693,PRSERQPRS,1
Positive54775,xxNTDLSFG,1
Positive54780,LSFGPFKEW,1
Positive54826,GYQPPPPME,1
Positive54838,xMPPQQLMP,1
Positive54847,GGSISYEYE,1
Positive54853,EYEGFGIVG,1
Positive54870,ANDKFTVFE,1
Positive54889,NNDAEIGNL,1
Positive54898,xIHFGSDYE,1
Positive54911,KRLTRFHNQ,1
Positive54916,FHNQSELKD,1
Positive54941,xSQVYTTSE,1
Positive54953,xLTLSIDLP,1
Positive54964,EFSRKVPTF,1
Positive54969,VPTFATPWP,1
Positive54974,TPWPDFVPx,1
Positive54983,RSGDLGSIA,1
Positive54989,SIAARVATQ,1
Positive55000,TLHDMGIFS,1
Positive55034,SPFGEVPPK,1
Positive55051,xSRVKNLNS,1
Positive55057,LNSSEGVPD,1
Positive55068,xCMENNSGW,1
Positive55073,NSGWKVSLN,1
Positive55080,LNYGEIIWx,1
Positive55087,xTNYISRLR,1
Positive55103,DIVQQPSDE,1
Positive55117,YDKLTVQTT,1
Positive55121,TVQTTGxxx,1
Positive55141,PYCYNNDSK,1
Positive55146,NDSKNSMAE,1
Positive55168,xxFHRDITF,1
Positive55175,TFRKLYLKR,1
Positive55187,VRQQYESVA,1
Positive55192,ESVAAKNLQ,1
Positive55219,TTTAAGTTA,1
Positive55254,VQTGGTSRT,1
Positive55261,RTVTMRYLA,1
Positive55292,QKIEHVAKI,1
Positive55302,ILLQKWENG,1
Positive55309,NGECAQKKx,1
Positive55334,VDVSEGDIV,1
Positive55358,xSGLQAEDE,1
Positive55364,EDEADYYCS,1
Positive55383,xQGNQDSFT,1
Positive55407,NFSGFTKGT,1
Positive55415,TDIADLDAV,1
Positive55441,xSGGVLDAL,1
Positive55467,KFLNPDREY,1
Positive55498,TLDQQYKEV,1
Positive55503,YKEVKRETD,1
Positive55508,RETDLSHVQ,1
Positive55517,KLAKNLLQH,1
Positive55558,APDPPLSRR,1
Positive55565,xxELMALHT,1
Positive55570,ALHTGQSLE,1
Positive55581,xxTVSTEQN,1
Positive55627,TNPKPQKKN,1
Positive55650,VYVPPRRQQ,1
Positive55655,RRQQLCLYE,1
Positive55665,xLLHRFWHL,1
Positive55677,xTYNYFKDE,1
Positive55686,xYSMLVERD,1
Positive55690,LVERDHKNE,1
Positive55712,CAEYHNTQI,1
Positive55725,SFMAIPPKK,1
Positive55736,NGNGDPNNM,1
Positive55741,PNNMDKAVK,1
Positive55754,ENVEQHNPI,1
Positive55784,DNPSSVPVK,1
Positive55793,KAAELYDKI,1
Positive55811,TFRLLHAKN,1
Positive55818,KNIIRPQLx,1
Positive55825,xDVCSDSDN,1
Positive55870,xWLECNQTE,1
Positive55875,NQTENFKTI,1
Positive55880,FKTILVPEN,1
Positive55903,HFVQQTPKS,1
Positive55942,SILPYGDSM,1
Positive55947,GDSMDRIEK,1
Positive55957,KNQTFHLQG,1
Positive55962,HLQGFVDGL,1
Positive55977,FDIPTNKKN,1
Positive55988,xTECRGIRS,1
Positive55993,GIRSECDLP,1
Positive56009,INIGSKVNF,1
Positive56016,NFDPIDKNQ,1
Positive56066,TQSVYDDTK,1
Positive56069,VYDDTKNHR,1
Positive56073,TKNHRESNS,1
Positive56085,DEVARKLAM,1
Positive56110,SDTNDIDTK,1
Positive56123,xDYEKQINK,1
Positive56135,REQAPNLVY,1
Positive56144,GNNGHQTIN,1
Positive56149,QTINKTAHE,1
Positive56171,xENGVVWVS,1
Positive56176,VWVSFRGAD,1
Positive56195,ESCDSITGM,1
Positive56226,VKPGVNIIC,1
Positive56262,VLEKIATGI,1
Positive56290,xVSYMEIYN,1
Positive56299,ETITDLLxx,1
Positive56308,KSLLFKTEN,1
Positive56313,KTENGVNMC,1
Positive56355,QKDILERKR,1
Positive56370,xNCDRTAAL,1
Positive56375,TAALCFGRA,1
Positive56417,xEGCGWAGW,1
Positive56450,xRTSYVMTF,1
Positive56455,VMTFLWSLN,1
Positive56465,SNYCQIYPP,1
Positive56469,QIYPPNANK,1
Positive56478,xxCAPEPGI,1
Positive56491,xxRLNIKIT,1
Positive56518,VSAVASGHY,1
Positive56536,ALPMHIRLS,1
Positive56599,LVQQQQFLG,1
Positive56605,FLGQQQPFx,1
Positive56613,NPQLGISPS,1
Positive56619,SPSNPSEIT,1
Positive56627,xEKANPVND,1
Positive56632,PVNDLCYPG,1
Positive56637,CYPGDFNDY,1
Positive56650,xWVLSHLDH,1
Positive56667,SNGGPFLTP,1
Positive56681,xSMSYTWTG,1
Positive56691,NTFYCCELC,1
Positive56709,GQSQQITDS,1
Positive56714,ITDSIQTGL,1
Positive56723,xINVNGDNN,1
Positive56776,SDAESSDGE,1
Positive56781,SDGEDFIVE,1
Positive56791,CNICEGDSA,1
Positive56800,CLSLCQDRx,1
Positive56809,SRETKELRQ,1
Positive56834,xxRNNHPQN,1
Positive56838,NHPQNTSDS,1
Positive56847,QKECTDGNK,1
Positive56874,AATKKTAAW,1
Positive56933,LPTEALAPL,1
Positive56969,xxFEKVKHN,1
Positive56980,xRCTKLEYD,1
Positive56985,LEYDPRCVY,1
Positive56988,DPRCVYDPx,1
Positive57008,GRSNTVVDV,1
Positive57016,xDDDSTGIT,1
Positive57025,RSPTLGASN,1
Positive57035,DEYSNQNNF,1
Positive57041,NNFVHDCxx,1
Positive57047,xTTLGMHCG,1
Positive57052,MHCGSFGSA,1
Positive57065,ASNSSRLHT,1
Positive57070,RLHTCQRHx,1
Positive57139,IQEDITRHE,1
Positive57152,xAEGPPGPQ,1
Positive57194,SPCHNSxxx,1
Positive57213,LDRCLKAVR,1
Positive57221,RKERSKESD,1
Positive57224,RSKESDDNx,1
Positive57234,FGFVTFSSM,1
Positive57239,FSSMAEVDA,1
Positive57253,LRQAILCWG,1
Positive57266,YSAGGMGRR,1
Positive57278,EPLAARVAA,1
Positive57297,LGDSIVGYK,1
Positive57331,xIANVFTNA,1
Positive57336,FTNAFRxxx,1
Positive57341,xDHSYQEEA,1
Positive57355,YKKAGITGH,1
Positive57361,TGHIWQSDx,1
Positive57380,GERRRPPLG,1
Positive57432,MNSFVTDIF,1
Positive57437,TDIFERIAS,1
Positive57475,EYLILSARD,1
Positive57513,QLEAEQQKL,1
Positive57523,xHTSSMRGV,1
Positive57558,LEKHSLSRV,1
Positive57569,KQQWVDYNL,1
Positive57574,DYNLKWNPD,1
Positive57588,VKKPKEDVD,1
Positive57616,EEKANKAMI,1
Positive57627,xRMVECSGK,1
Positive57666,GLFEFYKLL,1
Positive57671,YKLLCVRGI,1
Positive57689,EGEAKCGSD,1
Positive57712,VPTSTVFYP,1
Positive57715,STVFYPSDG,1
Positive57726,TKWIEIQRK,1
Positive57732,QRKQFDKQx,1
Positive57740,LGGDILFGW,1
Positive57764,TLTCPTDCF,1
Positive57769,TDCFRKHPE,1
Positive57788,xTKLYQNPT,1
Positive57793,QNPTTYISV,1
Positive57843,NQSLAFIRK,1
Positive57846,LAFIRKSDE,1
Positive57879,EMRTRIRYN,1
Positive57900,NSSSFNTTQ,1
Positive57905,NTTQGWHHP,1
Positive57910,WHHPSQRLL,1
Positive57980,LVPMVATVx,1
Positive57997,xPIELQVEC,1
Positive58014,TEKKAAAGE,1
Positive58031,EDGKVMVLx,1
Positive58043,RLAQAQEEA,1
Positive58049,EEALRDVLN,1
Positive58058,SQRTRDIYI,1
Positive58067,xxKGSPCTN,1
Positive58076,VAVNPGDCP,1
Positive58096,KFIGITELx,1
Positive58145,PQIPPPYVE,1
Positive58166,KIGKILGDT,1
Positive58221,xSFDYGRNY,1
Positive58226,GRNYGVVYD,1
Positive58233,YDALGYTDM,1
Positive58242,CADARMYGV,1
Positive58304,SRLVGATPE,1
Positive58313,RPRLRLVDA,1
Positive58333,VIPPKALFT,1
Positive58339,LFTQQGGAY,1
Positive58352,MQFLGDEET,1
Positive58379,xxCVCRSCR,1
Positive58385,SCRTMSLQK,1
Positive58400,xQLVLGENL,1
Positive58434,xxPFMFSEN,1
Positive58439,FSENKFLEN,1
Positive58460,NRKEMTQFL,1
Positive58486,CVFKDWEEL,1
Positive58492,EELGEEIRL,1
Positive58547,GSATLCSAL,1
Positive58593,xYLFKTNPN,1
Positive58600,PNYKGNDIK,1
Positive58608,xAIMRYIAD,1
Positive58618,IKRMISSYV,1
Positive58621,MISSYVGEN,1
Positive58650,VLPGHQPSN,1
Positive58655,QPSNGNMIY,1
Positive58660,NMIYSYHTM,1
Positive58671,PEDPTDPTD,1
Positive58685,xYDINNKND,1
Positive58690,NKNDDSYRY,1
Positive58695,SYRYDISEE,1
Positive58711,VSGIYHVTx,1
Positive58718,xWQALCAYQ,1
Positive58730,VLSTKLAEQ,1
Positive58743,xGEYVQILD,1
Positive58748,QILDAHAAY,1
Positive58754,AAYLNATPA,1
Positive58763,xGKKPNIWY,1
Positive58796,xxxVGENVP,1
Positive58813,xKQSYAATV,1
Positive58819,ATVATAPAV,1
Positive58833,xKAISQIQE,1
Positive58861,IVNTLNEIY,1
Positive58866,NEIYRYLYV,1
Positive58876,DGDFAIVHM,1
Positive58896,DGLRAQDDY,1
Positive58901,QDDYNGWDI,1
Positive58906,GWDINTPAF,1
Positive58914,xSDWDCCDV,1
Positive58932,EECQLPSLK,1
Positive58937,PSLKIFIAG,1
Positive58950,VAIGDQILD,1
Positive58959,xTCRNMWSG,1
Positive58999,YAEPDSSDQ,1
Positive59029,SKPAKRKKI,1
Positive59042,LLWIGVFLF,1
Positive59049,LFLGGMAAG,1
Positive59054,MAAGGCNSx,1
Positive59069,xSNRRPSTT,1
Positive59093,VTVTFMLVW,1
Positive59098,MLVWLINHH,1
Positive59104,NHHGWSVAQ,1
Positive59164,SIAYSNNTI,1
Positive59175,DIKVQFQSG,1
Positive59178,VQFQSGGNN,1
Positive59183,GGNNSPAVY,1
Positive59220,NVRFSDEGG,1
Positive59256,xQWVMAGLV,1
Positive59267,xYKRGIIDR,1
Positive59287,xSAVSRPMI,1
Positive59322,FSKVPLKDQ,1
Positive59366,LTMMWEEVT,1
Positive59371,EEVTCPICL,1
Positive59386,TLPGYKYLG,1
Positive59409,HSTSQEGQD,1
Positive59418,TIHGHRGSx,1
Positive59427,GENVVGSET,1
Positive59432,GSETRVKVV,1
Positive59439,VVKNKIAAP,1
Positive59455,xGDAPFLDR,1
Positive59490,xIEYYFGDF,1
Positive59504,xxVGGVVIA,1
Positive59521,xxLDPHAFH,1
Positive59532,xRTTLQSDQ,1
Positive59537,QSDQEEIDY,1
Positive59587,EAPPPTLPP,1
Positive59593,LPPDMAQVT,1
Positive59633,KCRLRMDKx,1
Positive59663,xCQEPGGLV,1
Positive59683,LRLNPDAGG,1
Positive59692,xFVCGDRGF,1
Positive59704,xKWNPDDYG,1
Positive59752,xSNPPHGLP,1
Positive59757,HGLPSTLRW,1
Positive59762,TLRWFFNLF,1
Positive59806,GQQKQLLPR,1
Positive59831,xRQDPGKGL,1
Positive59840,RLIYYSITE,1
Positive59845,SITESDLQK,1
Positive59854,xGDTHLGGE,1
Positive59857,THLGGEDFD,1
Positive59863,DFDQRVMEH,1
Positive59876,PEFLIYFQG,1
Positive59883,QGTGAADDS,1
Positive59902,xHARLRDSG,1
Positive59912,xxCRKELAA,1
Positive59932,QYYDYEDAT,1
Positive59941,xxVVIANNV,1
Positive59947,NNVDKFVSW,1
Positive59952,FVSWGITDF,1
Positive59962,xWVMMDGSD,1
Positive59967,DGSDQIEYx,1
Positive59994,NEDQKIGIE,1
Positive59999,IGIEIIKRA,1
Positive60034,FDHKAFFTK,1
Positive60076,TLLRSLLGG,1
Positive60139,PSPDRDERG,1
Positive60144,DERGALGWG,1
Positive60161,DAADIGKTI,1
Positive60186,DSAFDVLSF,1
Positive60195,TAEEKAGVY,1
Positive60204,xRGQYSRAS,1
Positive60209,SRASWEGHW,1
Positive60236,PFEIMDLEK,1
Positive60248,PGTNYVGPG,1
Positive60253,VGPGNELQA,1
Positive60268,xxNVVLKTV,1
Positive60274,KTVSESATQ,1
Positive60279,SATQPPTKx,1
Positive60287,PVGTVAPQI,1
Positive60329,ANYTNLSLR,1
Positive60332,TNLSLRLDN,1
Positive60335,SLRLDNNLx,1
Positive60367,IDHVDQHNA,1
Positive60391,xSSFHCCGA,1
Positive60398,GAKGPDDYR,1
Positive60428,TSLNDRQGN,1
Positive60468,IEKLEAGFK,1
Positive60482,LAGQASQLN,1
Positive60491,xNRQNMIVE,1
Positive60496,MIVEPNYDL,1
Positive60505,RYKYYPETP,1
Positive60512,TPQGLAKII,1
Positive60531,LPWDPQELD,1
Positive60542,xGEIKFEAV,1
Positive60557,KQVESPAPS,1
Positive60562,PAPSGHTHL,1
Positive60598,xLEAKICHQ,1
Positive60604,CHQIEYYFG,1
Positive60621,KLAPTVAHG,1
Positive60631,xPSAFFLFC,1
Positive60638,FCSEYRPKI,1
Positive60656,QLAEVAVSA,1
Positive60683,PPDQLVNLH,1
Positive60690,LHDFRSDEI,1
Positive60695,SDEIEHLVV,1
Positive60699,EHLVVEExx,1
Positive60706,LEDGRTLSD,1
Positive60713,SDYNIQKES,1
Positive60721,xNSEDDTFH,1
Positive60724,EDDTFHDAx,1
Positive60742,CTEKFTFSK,1
Positive60756,xNKIFADDI,1
Positive60786,SNTTGTLIW,1
Positive60799,NTGQPATDH,1
Positive60804,ATDHYYSNV,1
Positive60813,EKKDRVTDA,1
Positive60825,xQGDAKKGA,1
Positive60830,KKGANLFKT,1
Positive60847,xEPGKSFWC,1
Positive60872,IVAGGGVTL,1
Positive60882,VYATRSSAV,1
Positive60888,SAVRLRSSV,1
Positive60965,FHKEKMILx,1
Positive60972,xVQCFGHIS,1
Positive60977,GHISGGHIN,1
Positive60987,xCMTRDING,1
Positive61000,PKYALSQDV,1
Positive61023,TQGRFDxxx,1
Positive61028,xNIERFPNG,1
Positive61035,NGKKYELDK,1
Positive61047,xDSTNNNKY,1
Positive61067,WDMMMNWSP,1
Positive61072,NWSPTTALx,1
Positive61100,LSSLELGDS,1
Positive61107,DSALYFCAx,1
Positive61130,xTKDASIDY,1
Positive61133,DASIDYHEx,1
Positive61143,APRITFGxx,1
Positive61177,xCVKSQTTR,1
Positive61188,DVVNQNAQA,1
Positive61225,YIKLFIMIV,1
Positive61229,FIMIVGGLV,1
Positive61240,EQVPQLIPP,1
Positive61245,LIPPPIIPR,1
Positive61270,AEVKALTTE,1
Positive61275,LTTELTAEN,1
Positive61285,xSKAVHADM,1
Positive61290,HADMGYWIE,1
Positive61300,xQYGLEKRD,1
Positive61303,GLEKRDNGH,1
Positive61413,xxNNPFYFP,1
Positive61438,GVTQNVLYE,1
Positive61472,SSPYWKFQH,1
Positive61475,YWKFQHDVN,1
Positive61482,VNFTQEVSR,1
Positive61540,VGALLRAAx,1
Positive61548,RFDFPDELR,1
Positive61565,QPENHQALA,1
Positive61576,xVVTIVCLD,1
Positive61602,SFLLRNPND,1
Positive61608,PNDKYEPFx,1
Positive61634,FNFDNEPEN,1
Positive61641,ENISIENLS,1
Positive61669,xVENLETTM,1
Positive61675,TTMRSPVFT,1
Positive61698,xxLPPTVMF,1
Positive61710,SSQPWEPLQ,1
Positive61715,EPLQLHVxx,1
Positive61724,HPELDGQEY,1
Positive61729,GQEYVVEFx,1
Positive61737,VDYPYRLWH,1
Positive61752,TEAAILTQQ,1
Positive61757,LTQQAAQFD,1
Positive61767,DVLEATYAM,1
Positive61793,EAMAFASIY,1
Positive61808,YAGPLERQK,1
Positive61821,NYNYKYRYL,1
Positive61826,YRYLRHGKL,1
Positive61840,PLYISNPNY,1
Positive61850,TMKGLDIQK,1
Positive61877,xMTKDCHLL,1
Positive61899,KKTLQPGKT,1
Positive61913,YTTGAVRQI,1
Positive61924,DYKTTICGK,1
Positive61932,xSDIFCDIE,1
Positive61937,CDIENNPGL,1
Positive61963,xGGAAAQSL,1
Positive61969,QSLYIANHA,1
Positive61980,RRFGARAMV,1
Positive61989,ADDHPGAVA,1
Positive61995,AVAARNDVL,1
Positive62007,xEGSTDVDE,1
Positive62014,DEPLEVFIS,1
Positive62086,xFCETNGLE,1
Positive62097,RVFEVGVIR,1
Positive62103,VIRNPGLGA,1
Positive62111,xNMLYKDDF,1
Positive62116,KDDFVGALI,1
Positive62121,GALIFSGAV,1
Positive62130,xSAQEDLGD,1
Positive62166,xKTQNQGPW,1
Positive62169,QNQGPWDEG,1
Positive62175,DEGRVEIDx,1
Positive62198,xDYIIDHVD,1
Positive62216,TEDVSPSMH,1
Positive62221,PSMHTLLGV,1
Positive62235,DFWQTTQGM,1
Positive62246,xSNISFSRD,1
Positive62274,GPKGRHVVI,1
Positive62287,FKEWYFANN,1
Positive62299,CIDPTKGGK,1
Positive62316,DVDIMVRDG,1
Positive62322,RDGQLTIKA,1
Positive62332,TANINGECP,1
Positive62342,ELRVPGGCN,1
Positive62350,xAERNVLIF,1
Positive62356,LIFDLGGGT,1
Positive62386,REPRKLERT,1
Positive62397,xITDNHGHV,1
Positive62408,AASKSCPLP,1
Positive62413,CPLPQVRAL,1
Positive62420,ALESLESLx,1
Positive62452,RFDEAMQDQ,1
Positive62460,xFAVLKLMG,1
Positive62473,xRCAWEETK,1
Positive62483,IINDFLEIP,1
Positive62488,LEIPEERCT,1
Positive62497,AALGHQHAH,1
Positive62502,QHAHNEYQA,1
Positive62507,EYQAKLAEK,1
Positive62522,PGAIDSNNS,1
Positive62559,xSHQHTDSN,1
Positive62571,xRPPLTVDP,1
Positive62600,DCANNEIKK,1
Positive62606,IKKVMVDGC,1
Positive62617,xGEGNPHGW,1
Positive62622,PHGWPHEVV,1
Positive62634,IRQLLWFHI,1
Positive62660,xVARDDKGR,1
Positive62665,DKGRRYYYL,1
Positive62698,LRTAPGPGE,1
Positive62705,GEVWVTPVI,1
Positive62747,SVYDVSILI,1
Positive62765,SLPEWVCTT,1
Positive62790,EQLTKCEVF,1
Positive62801,KDRMNFDIP,1
Positive62821,TRRGQPRQY,1
Positive62829,xRCKANKIQ,1
Positive62841,GRRPFTRKE,1
Positive62897,SDFPIQNLP,1
Positive62908,NQKYSEHFS,1
Positive62912,SEHFSIHCC,1
Positive62930,xxARTKQTA,1
Positive62956,FTGLYSSTV,1
Positive62962,STVPIFNPE,1
Positive62984,SGTENKPAT,1
Positive63020,SKTRAIDAC,1
Positive63025,IDACPLDYS,1
Positive63030,LDYSILCRM,1
Positive63043,PHFPLAAED,1
Positive63080,DTTIPDVVV,1
Positive63111,LHEKVSSHP,1
Positive63116,SSHPIFKQx,1
Positive63163,xAALTVACN,1
Positive63168,VACNNFFWE,1
Positive63179,SHRGVIADN,1
Positive63185,ADNQAKWAV,1
Positive63205,IISINGQSV,1
Positive63212,SVVSANDVS,1
Positive63222,xxIRLRHEN,1
Positive63245,VTRVGDFHY,1
Positive63269,LHYLKAKEY,1
Positive63283,xRKIVGAMV,1
Positive63313,SPAPPPPEH,1
Positive63326,QYQDATAEE,1
Positive63338,LNTEPSQLP,1
Positive63352,LLPHSNLDH,1
Positive63361,xEKSEEEVH,1
Positive63381,LGKARKVVV,1
Positive63393,PYGIFVINQ,1
Positive63407,xGRTPFIIx,1
Positive63414,xIVVQGAGK,1
Positive63419,GAGKNVVFD,1
Positive63437,xPRLLYDEL,1
Positive63455,xNIGFGNRG,1
Positive63493,NNDINIDRT,1
Positive63503,VAKQSVVKx,1
Positive63527,AGICASYxx,1
Positive63535,EPWTVRNED,1
Positive63546,YEQPIERTV,1
Positive63551,ERTVVGHQT,1
Positive63557,HQTLRDIFV,1
Positive63570,KGQTGEPGI,1
Positive63576,PGIAGFKGE,1
Positive63588,xFSKWRKNH,1
Positive63593,RKNHMRQKS,1
Positive63596,HMRQKSNKx,1
Positive63603,xANDQGNRT,1
Positive63609,NRTTPSYVA,1
Positive63614,SYVAFTDSE,1
Positive63651,xEPFTESQS,1
Positive63715,xTAALAACK,1
Positive63721,ACKAEGSFD,1
Positive63730,xDKVVPSRE,1
Positive63735,PSREVVSES,1
Positive63752,IEKDRLQGM,1
Positive63780,xERIYHFVx,1
Positive63791,NPEWAPLKD,1
Positive63804,GLWLHQAFF,1
Positive63809,QAFFSPWTL,1
Positive63819,xAGELGQSR,1
Positive63835,IIQGESKVE,1
Positive63873,xNINNIYEL,1
Positive63878,IYELAQQQD,1
Positive63883,QQQDQHSSD,1
Positive63901,xGAVQNEIT,1
Positive63917,AAAPKPGPR,1
Positive63922,PGPRRARRA,1
Positive63933,TDIPPCPHG,1
Positive63938,CPHGWISLW,1
Positive63958,HQKRTAMFQ,1
Positive63963,AMFQDPQER,1
Positive63969,QERPRKLPQ,1
Positive63987,xINPWDSKS,1
Positive63998,xxTTTCFRD,1
Positive64001,TTCFRDTDT,1
Positive64056,xNDIITDSD,1
Positive64104,xDPSIMAKF,1
Positive64109,MAKFTQFAG,1
Positive64132,xxHLHRFFS,1
Positive64141,xQELDCWHY,1
Positive64146,CWHYQHYCV,1
Positive64161,NPNRPDGGI,1
Positive64211,xQLKLDWFK,1
Positive64245,xSSTLCFWF,1
Positive64250,CFWFPLAHx,1
Positive64258,YANTTSEDG,1
Positive64312,xGHQVGDGE,1
Positive64327,NYNSPDVSE,1
Positive64335,xALMLPHFN,1
Positive64341,HFNSKAMVI,1
Positive64357,MQDQIRQLE,1
Positive64378,RTPPKSPSS,1
Positive64391,AVTHLTKAH,1
Positive64411,SYIIIGVEP,1
Positive64436,KDNGWEKDD,1
Positive64441,EKDDNVSKS,1
Positive64459,xRRWQQRNT,1
Positive64470,xDRGCAATC,1
Positive64509,xSELLSLIN,1
Positive64514,SLINDMPIT,1
Positive64518,DMPITNDQK,1
Positive64523,NDQKKLMSx,1
Positive64530,xNDDASVDF,1
Positive64535,SVDFVAEPV,1
Positive64576,DPKPKKNKK,1
Positive64601,NAGGNAGGN,1
Positive64634,xKFNPDLAP,1
Positive64662,ITAGIALHQ,1
Positive64667,ALHQSNLNx,1
Positive64676,ACAPYRRLH,1
Positive64712,xTVVQRQFS,1
Positive64717,RQFSEVWKP,1
Positive64722,VWKPSPQVT,1
Positive64753,EEDESKKKS,1
Positive64760,KSCGDEGEP,1
Positive64783,PFNASDSVG,1
Positive64790,VGQQIKVIP,1
Positive64810,VLTAKVQQP,1
Positive64825,LDRWKAPDY,1
Positive64848,xDAPDTDWC,1
Positive64906,THNNAHYYV,1
Positive64953,xFGEHKQEK,1
Positive64965,SVSFYTRKD,1
Positive64968,FYTRKDGQx,1
Positive64976,SIAPDLSLD,1
Positive64981,LSLDFEKLN,1
Positive64994,ISGHNSLFW,1
Positive64999,SLFWYRQTx,1
Positive65005,xxICESAGV,1
Positive65008,CESAGVQED,1
Positive65013,VQEDAASLx,1
Positive65031,QHGHLTTSS,1
Positive65038,SSQELERYT,1
Positive65051,RKPEAPRRR,1
Positive65073,TENPCAQRC,1
Positive65113,LIVTQTMKG,1
Positive65126,xxAPPRLIC,1
Positive65131,RLICDSRVL,1
Positive65138,VLERYLLEA,1
Positive65211,GTTLLNLDA,1
Positive65225,xIKVELTGN,1
Positive65233,NSTLSSDYA,1
Positive65257,PVRVAWSSP,1
Positive65262,WSSPVQNCE,1
Positive65267,QNCEPWIPP,1
Positive65277,PHDLDDARR,1
Positive65282,DARRDGRAP,1
Positive65313,GHGLLPWNN,1
Positive65318,PWNNLVTHP,1
Positive65341,IRKGWECNC,1
Positive65377,DSAVAEFFQ,1
Positive65382,EFFQSFPSG,1
Positive65388,PSGEPSNSK,1
Positive65408,xDYGEILTE,1
Positive65418,VEDLYKGVL,1
Positive65427,xSTYDRDND,1
Positive65432,RDNDGWLTS,1
Positive65437,WLTSDPRKQ,1
Positive65446,xxVFFASWR,1
Positive65460,SADSPTGLL,1
Positive65470,xGQVCTKHR,1
Positive65490,xxSNLDHIx,1
Positive65497,xDRNLGIGN,1
Positive65570,GAQHFHSGK,1
Positive65575,HSGKHYWEV,1
Positive65592,xFIEWLKVK,1
Positive65608,xVIASEGDS,1
Positive65623,xNLTAWNPS,1
Positive65632,MAGKREMVI,1
Positive65643,VGIMFRGKE,1
Positive65673,KHPEATYTK,1
Positive65688,xAFRVDGDS,1
Positive65717,xNAAGNAAG,1
Positive65741,xKDIRAQYE,1
Positive65748,YEKLAAKNM,1
Positive65761,PSRVYTFFS,1
Positive65784,TPEAKYDDY,1
Positive65806,xxNWHQLHG,1
Positive65811,QLHGKKEAY,1
Positive65828,GDHCEGLGV,1
Positive65866,xHRKGDGND,1
Positive65878,DPAERLGCR,1
Positive65885,CRGGSAREV,1
Positive65896,xETSEAAAT,1
Positive65905,VDLFAFTLD,1
Positive65945,QTPVVVPPF,1
Positive65969,RSAYGGLQT,1
Positive65987,PLDRKLILD,1
Positive66027,xLADGGCSG,1
Positive66033,CSGGAYDII,1
Positive66057,xDGERVPKN,1
Positive66063,PKNNRLSKK,1
Positive66069,SKKYSELSE,1
Positive66078,RRKLTNPAN,1
Positive66081,LTNPANKEE,1
Positive66090,xMSRIAAGD,1
Positive66115,DPTKVVRTA,1
Positive66142,ETEKESGIT,1
Positive66152,SHQKEDEIV,1
Positive66219,LAANFVVAL,1
Positive66245,xMLQDMAIL,1
Positive66251,AILTGGQVI,1
Positive66296,QQKLIDDHF,1
Positive66305,VVRFDKLPG,1
Positive66321,APRRKFQQV,1
Positive66332,xLVAGSNGY,1
Positive66337,SNGYPNYRH,1
Positive66342,NYRHQADVC,1
Positive66359,xRIQRGSGR,1
Positive66386,AKEQENKET,1
Positive66424,SLQNLLSAS,1
Positive66434,MLEASEGLD,1
Positive66439,EGLDGWIHQ,1
Positive66447,xKKGLQQLQ,1
Positive66452,QQLQEWEDW,1
Positive66457,WEDWVGWIG,1
Positive66466,xFGAEILKK,1
Positive66471,ILKKIPGRV,1
Positive66483,NDVSWHEWK,1
Positive66490,WKRMYNKEY,1
Positive66536,PEGPLPFPY,1
Positive66561,MRPTSLAQR,1
Positive66566,LAQRNEMFF,1
Positive66579,EDDENSQCx,1
Positive66618,xNNRAVPDK,1
Positive66652,xKVSLLEIY,1
Positive66677,xADVTIADP,1
Positive66705,xxWYNRCHA,1
Positive66710,RCHAANPNG,1
Positive66721,xNWVSRLAN,1
Positive66729,NLTQGEDQY,1
Positive66743,EEQLKQYRV,1
Positive66749,YRVKRQQER,1
Positive66761,CKKNMEGKV,1
Positive66795,KGQGQKAKM,1
Positive66800,KAKMRCIPE,1
Positive66818,xLNDITKEY,1
Positive66850,DPDKILTYI,1
Positive66880,QEVDYIIDH,1
Positive66888,xTAEFQMTF,1
Positive66893,QMTFHLFIx,1
Positive66910,xRPADKTRH,1
Positive66915,KTRHKFPTN,1
Positive66949,CHGSEPCII,1
Positive66954,PCIIHRGKP,1
Positive66985,IPIPSSWAF,1
Positive66990,SWAFARFLW,1
Positive67013,xMNRTQANL,1
Positive67020,NLAEGPPAK,1
Positive67028,xCAPGQNLC,1
Positive67038,LGIGTVLDQ,1
Positive67046,QAETAGARx,1
Positive67055,SPTGYDWRA,1
Positive67065,xRQIFGDYK,1
Positive67074,xAETREERM,1
Positive67081,RMERKRREx,1
Positive67089,LKVIRKNIV,1
Positive67093,RKNIVKKMI,1
Positive67106,IALRGMAKD,1
Positive67248,xYSTCYFIM,1
Positive67256,xPVGGQSSF,1
Positive67261,QSSFYSDWY,1
Positive67268,WYSPACGKA,1
Positive67282,TLEQQNKEA,1
Positive67320,LDPEYWNFR,1
Positive67324,YWNFRNGDL,1
Positive67333,xLLCEDGCL,1
Positive67344,RPPRAVPYY,1
Positive67350,PYYGPGVDx,1
Positive67403,LSSSSSHAE,1
Positive67411,EPRGENAVL,1
Positive67428,ELLGGPLAH,1
Positive67463,HVKNYHSRS,1
Positive67476,xDYAFEHVV,1
Positive67494,LRDKKQKVH,1
Positive67499,QKVHALFYK,1
Positive67516,GGGSNSVKS,1
Positive67521,SVKSMWSEG,1
Positive67598,xSDFGKFVx,1
Positive67630,NGFTAWGNN,1
Positive67639,xMSENEIQD,1
Positive67646,QDQQPSDSM,1
Positive67651,SDSMEERGG,1
Positive67659,xTNVDQDLV,1
Positive67666,LVGWPAPPx,1
Positive67672,xxVDQYSNQ,1
Positive67746,LLPPASESP,1
Positive67773,NYPASDDYR,1
Positive67778,DDYRASASN,1
Positive67782,ASASNGSDD,1
Positive67787,GSDDASAHx,1
Positive67795,CTLIDALLG,1
Positive67802,LGDPQCDGF,1
Positive67812,xxGYISKAQ,1
Positive67817,SKAQEYFNx,1
Positive67832,PSACLSPQA,1
Positive67841,xFCLFFAFS,1
Positive67854,KQDPEGWGK,1
Positive67862,KSPGFGTTV,1
Positive67867,GTTVDFPxx,1
Positive67937,KVSLEEFCR,1
Positive67942,EFCRGFGLK,1
Positive67956,STIDYFQPN,1
Positive67971,VGEEKLVSE,1
Positive67985,GPEYWDRET,1
Positive68010,RILAGALAT,1
Positive68019,SDAHKKNLY,1
Positive68033,EDPDTAKES,1
Positive68047,RPSQRHGSK,1
Positive68063,LAWEWWRTV,1
Positive68091,xYGDHECGS,1
Positive68096,ECGSLLQDT,1
Positive68108,SSYADPFYW,1
Positive68121,xIMSGEVPS,1
Positive68139,PRGTVENPD,1
Positive68148,KARELLNKx,1
Positive68164,VAGRKKLEE,1
Positive68181,xLFPTSTSL,1
Positive68195,xxEQNPQHF,1
Positive68255,xxDECQCEA,1
Positive68282,EVWREEAYH,1
Positive68288,AYHACDIKD,1
Positive68299,KLDNARQSA,1
Positive68322,xKGAFWYRN,1
Positive68329,RNCHRVNLM,1
Positive68341,VHDCVNITV,1
Positive68347,ITVKEHTVT,1
Positive68356,xAHYNPPPP,1
Positive68384,EKNSPSTQY,1
Positive68389,STQYCYSIQ,1
Positive68419,QPAADHYYS,1
Positive68437,NAAGNSVIH,1
Positive68454,TTETFATNS,1
Positive68459,ATNSYTFSY,1
Positive68489,ANKIREALA,1
Positive68499,VVGNNLKSL,1
Positive68523,xSKDQFEFA,1
Positive68539,LVTLKDIVL,1
Positive68552,SDYTTACTN,1
Positive68557,ACTNLKQCR,1
Positive68605,GSGRYIPRK,1
Positive68641,QDLSKKHGQ,1
Positive68649,xGFLSELTQ,1
Positive68656,TQQLAQATG,1
Positive68689,MASAARLTM,1
Positive68717,QKNACSFDL,1
Positive68724,DLCNSYDVL,1
Positive68735,KISEYRHYx,1
Positive68744,RDFIEKWKS,1
Positive68747,IEKWKSDDH,1
Positive68754,DHLIRPYVN,1
Positive68766,GSYRSEELN,1
Positive68772,ELNLVIIGP,1
Positive68785,DATRWQIWD,1
Positive68790,QIWDNGTII,1
Positive68807,GGYMLGSAM,1
Positive68813,SAMSRPLIH,1
Positive68848,xxSVYAWER,1
Positive68896,TSFIDAGAP,1
Positive68899,IDAGAPTSx,1
Positive68923,TTNPSLILA,1
Positive68928,LILAAAQMx,1
Positive68936,QYGSMGVFF,1
Positive68956,KAAESEIEK,1
Positive68976,xxxSNYRAY,1
Positive68984,xQPRRRANN,1
Positive68999,LLAGGKDDV,1
Positive69008,xESSVDRRP,1
Positive69013,DRRPMETVS,1
Positive69016,PMETVSKDS,1
Positive69050,xVFKTKLVR,1
Positive69055,KLVRDEQIG,1
Positive69091,DHTLRFGSK,1
Positive69132,INQIDSDNK,1
Positive69139,NKLGVGSDD,1
Positive69160,VLYLKPLAG,1
Positive69167,AGVYRSLKK,1
Positive69178,xPVYQQQPx,1
Positive69223,xWIARFDTD,1
Positive69228,FDTDKDGKV,1
Positive69258,xLKRDMKSA,1
Positive69263,MKSAHLLPE,1
Positive69273,ASSLGGNQD,1
Positive69292,AQHAVTKPR,1
Positive69300,xYNIYSEKE,1
Positive69309,xQQQFPEQS,1
Positive69321,KVQSLVSDF,1
Positive69360,KALLQEMPL,1
Positive69371,IEDPPFNSL,1
Positive69381,NHFTLKCPK,1
Positive69389,KTALTEPPT,1
Positive69398,xxAVCRTSM,1
Positive69403,RTSMCSIQS,1
Positive69481,DDSKLPVIK,1
Positive69496,LQDTKDKKR,1
Positive69506,EYLAHRRIP,1
Positive69509,AHRRIPPEN,1
Positive69514,PPENIRRVT,1
Positive69536,TSEVSTTDK,1
Positive69541,TTDKIADIT,1
Positive69585,GTRPPTATD,1
Positive69612,YFPAGGSSS,1
Positive69625,SSFLSPEHQ,1
Positive69634,PSGKKCIAA,1
Positive69639,CIAAKKIKQ,1
Positive69691,TIPSHAFSN,1
Positive69736,VKDYTEKLH,1
Positive69748,xxESVLQAQ,1
Positive69752,VLQAQMAAQ,1
Positive69757,MAAQQLPVI,1
Positive69793,GGSVCAVCR,1
Positive69805,VEDAITAAI,1
Positive69817,xDHEGTHST,1
Positive69823,HSTKRGHAK,1
Positive69854,EESVERAMG,1
Positive69886,IITRDIARD,1
Positive69889,RDIARDPDK,1
Positive69906,LTSGSDLDR,1
Positive69931,xRAIFTGYY,1
Positive69938,YYGKGKPVP,1
Positive69947,NKGKDKDVN,1
Positive69964,EQFNWVSRL,1
Positive70030,PKQPQPRLR,1
Positive70034,QPRLRVKTP,1
Positive70045,xxELFTNRW,1
Positive70061,KDDAMLLKG,1
Positive70098,DVIESSIGD,1
Positive70115,EYWDGETRK,1
Positive70141,xAGYCNTEC,1
Positive70162,PNEANFFRN,1
Positive70184,IDLMGYAQL,1
Positive70189,YAQLRRKCx,1
Positive70196,xKAALIEEG,1
Positive70211,TFTQPMNxx,1
Positive70227,LSHIGDAVV,1
Positive70232,DAVVISCAK,1
Positive70241,xSDGQVGGF,1
Positive70249,FINYRDSKx,1
Positive70285,xxEQQRYLN,1
Positive70290,RYLNNFRFI,1
Positive70319,DYQGMLPVC,1
Positive70336,WFDFYGYID,1
Positive70341,GYIDAPVFF,1
Positive70353,ESGKLITDW,1
Positive70358,ITDWCCRSC,1
Positive70424,DPVIDLLQA,1
Positive70456,FELCDNPFF,1
Positive70461,NPFFAVSKP,1
Positive70467,SKPMGTQTH,1
Positive70483,xDGKKWQTY,1
Positive70488,WQTYRGNST,1
Positive70500,DAVITVPAY,1
Positive70521,xDQSLSSLQ,1
Positive70539,SGAVWMCTP,1
Positive70548,KDADVNVVT,1
Positive70554,VVTQARNRP,1
Positive70579,SFSKSSNSW,1
Positive70590,VEGPADICQ,1
Positive70619,xRPAPPPIS,1
Positive70695,xGLYSMLVE,1
Positive70709,LTRATADNK,1
Positive70717,KDELIKRAN,1
Positive70720,LIKRANDYx,1
Positive70776,GGNDFNQPI,1
Positive70781,NQPIYERKx,1
Positive70824,KIEIKASID,1
Positive70832,DGLEVDVPG,1
Positive70862,xINCYTEGP,1
Positive70868,EGPCVPKPP,1
Positive70894,TTYIIMNRW,1
Positive70900,NRWALGNLA,1
Positive70934,LLADLQHSI,1
Positive70941,SINKWSVIY,1
Positive70953,KLLTITQSE,1
Positive70991,PIDKFAQGW,1
Positive71008,ESPFSRTGE,1
Positive71094,NQNLIRHVG,1
Positive71099,RHVGGGTPR,1
Positive71112,PRLNALSAW,1
Positive71142,LGGKYYFRG,1
Positive71155,PVSGPFGPL,1
Positive71177,GNAARDNKK,1
Positive71195,xDGPQKSVS,1
Positive71202,VSQGGVSLD,1
Positive71215,xYEKIGAEL,1
Positive71236,xTTPDRQAA,1
Positive71262,ARKVISSxx,1
Positive71268,xSFGPAVIM,1
Positive71273,AVIMGNWEN,1
Positive71294,MDKVLNREE,1
Positive71305,ANPENYFTN,1
Positive71326,xDWRDAEKC,1
Positive71331,AEKCDICxx,1
Positive71336,xxYTTGGAQ,1
Positive71341,GGAQSHTLR,1
Positive71384,KLFKNFKDD,1
Positive71416,xxWTGVTQN,1
Positive71442,xKFPHLAVG,1
Positive71469,PTVEVDFTT,1
Positive71476,xxLRRTQSM,1
Positive71481,TQSMGIQLD,1
Positive71491,MDASEGTNY,1
Positive71497,TNYTCCKLQ,1
Positive71510,ENFAYLTAY,1
Positive71520,xMDIYQKRC,1
Positive71525,QKRCEAFGW,1
Positive71538,PDTKVNFYA,1
Positive71543,NFYAWKRME,1
Positive71568,DLLPEQTKK,1
Positive71585,KEKMILNEE,1
Positive71591,NEEEITTKG,1
Positive71601,AASEALDPH,1
Positive71609,HAFHLLLNT,1
Positive71641,TGLRNIPSI,1
Positive71659,PDLNHYPLI,1
Positive71671,PDPVEAGEE,1
Positive71684,LYRNGKDQD,1
Positive71715,SQPPSPSNx,1
Positive71741,LMPMNMAPI,1
Positive71748,PITGRALEx,1
Positive71755,xRGTDEYFI,1
Positive71783,KEEEQKWKW,1
Positive71803,LIDYAASGD,1
Positive71835,IQMKRIAVG,1
Positive71893,IFLDYEAGM,1
Positive71920,EKNWAGQYV,1
Positive71935,VQNAPYGLY,1
Positive71980,xFATFVYAK,1
Positive71988,xIRKSLGEY,1
Positive71995,EYLKGLENE,1
Positive72004,DDDKLEQIR,1
Positive72010,QIRRDYTSG,1
Positive72042,DRKYDEVAR,1
Positive72054,EEPQLRMKN,1
Positive72060,MKNNEEAED,1
Positive72063,NEEAEDYDD,1
Positive72112,CEEEKGPLD,1
Positive72117,GPLDLMNEV,1
Positive72128,LKTDLELKY,1
Positive72134,LKYKQTADF,1
Positive72227,xLSFLHLTR,1
Positive72234,TRADLSYPS,1
Positive72246,VTLAHELIH,1
Positive72270,VGERTVLAG,1
Positive72275,VLAGQCYIQ,1
Positive72334,FTQCSMNVV,1
Positive72340,NVVSKTLFR,1
Positive72445,IVPALEIAN,1
Positive72472,KSFKDILPK,1
Positive72492,PRKVIGPGV,1
Positive72501,xKYNDDDTF,1
Positive72507,DTFTVKVGD,1
Positive72541,LSKGHAAPI,1
Positive72546,AAPILYAVW,1
Positive72557,QIVPEPMxx,1
Positive72580,VSLGGDVPN,1
Positive72611,SKFGYSAKD,1
Positive72642,VLWLQAWQV,1
Positive72656,AEAGKTELD,1
Positive72707,TAPAPAPTP,1
Positive72720,VTQNGGSSA,1
Positive72743,PGVHIQVFE,1
Positive72748,QVFEGERAM,1
Positive72751,EGERAMTKD,1
Positive72780,NIEDVIAQG,1
Positive72789,xxRAIVAIG,1
Positive72794,VAIGCMFMI,1
Positive72799,MFMITFVVL,1
Positive72804,FVVLFYTNA,1
Positive72820,NATRAAVEE,1
Positive72835,MHFGNDWED,1
Positive72848,QPFWLLQGG,1
Positive72857,ASRAETSVQ,1
Positive72874,DTPTATESI,1
Positive72887,xQLPELKQK,1
Positive72891,ELKQKSSNS,1
Positive72896,SSNSRKKRS,1
Positive72901,KKRSTSAxx,1
Positive72944,LTEGMRFDK,1
Positive72955,xAACDPRHG,1
Positive72988,KEGALMLPH,1
Positive73019,EYIEEVFLP,1
Positive73057,GGVAKLNAE,1
Positive73068,xRLVEHLLD,1
Positive73074,LLDPSRYNK,1
Positive73091,MVREAAKYE,1
Positive73101,EGYPADSKG,1
Positive73141,QQTEDELQD,1
Positive73151,LKLYFEPxx,1
Positive73158,NAPILSTLP,1
Positive73178,YGGVTEHDG,1
Positive73181,VTEHDGNQx,1
Positive73199,LSTSNPLGF,1
Positive73212,xTLRIRNVR,1
Positive73263,PTTRTDDKL,1
Positive73274,KLAKEQKSK,1
Positive73279,QKSKQNIGA,1
Positive73318,VQNESGTEE,1
Positive73332,KLTLILTKC,1
Positive73389,ALNELLEKT,1
Positive73411,ASIGSLCAD,1
Positive73423,xQDLLQNLR,1
Positive73458,ATRRVRGGD,1
Positive73475,xxKVIHDKF,1
Positive73480,HDKFEIVEx,1
Positive73503,xLHRRLAGQ,1
Positive73522,KAGEGNKIG,1
Positive73555,SLTNDWEDH,1
Positive73566,xVDVCGQCG,1
Positive73571,GQCGLLGYS,1
Positive73584,DDRFGKALY,1
Positive73589,KALYFLNDM,1
Positive73603,TGDNYQTKL,1
Positive73620,xISSLYNLV,1
Positive73632,YWEGSGIGA,1
Positive73672,EFNKQKKKY,1
Positive73714,xxVYTFYGM,1
Positive73742,TLARSFIIC,1
Positive73747,FIICIQMIx,1
Positive73756,TGCAIDISR,1
Positive73761,DISRQELRC,1
Positive73771,PSDKHIEQY,1
Positive73791,WYNDLLVDF,1
Positive73809,QLMAFGGSS,1
Positive73820,HQNTLDENF,1
Positive73847,QYFVGKRTV,1
Positive73852,KRTVPPGEC,1
Positive73858,GECFIQFLS,1
Positive73868,VYHGAGSKT,1
Positive73878,NQNPCFPIQ,1
Positive73883,FPIQLPEEA,1
Positive73910,MGSKGNRTD,1
Positive73929,ESLMNLYQQ,1
Positive73941,GWTGTDNNF,1
Positive74005,SSIVIPAAV,1
Positive74010,PAAVGIKLN,1
Positive74036,KAKRLHLSP,1
Positive74041,HLSPVRLAE,1
Positive74046,RLAELHSDL,1
Positive74051,HSDLKIQEx,1
Positive74073,QKFALPQYL,1
Positive74124,GKAGCQTYK,1
Positive74129,QTYKWETLx,1
Positive74143,PVCPLIPGS,1
Positive74259,GEPTVKLYT,1
Positive74274,VLDAIDQMW,1
Positive74287,EGVCGLRSV,1
Positive74293,RSVSRLEHQ,1
Positive74306,LIIPDIEKY,1
Positive74309,PDIEKYQSx,1
Positive74356,QAVSPSTSQ,1
Positive74361,STSQGADVK,1
Positive74366,ADVKKSSCQ,1
Positive74388,KPIFKLPLG,1
Positive74394,PLGINITNF,1
Positive74404,QALRDAGYE,1
Positive74409,AGYEFDICF,1
Positive74443,WYYSLEHST,1
Positive74448,EHSTDDYAS,1
Positive74459,TYEEPNDGE,1
Positive74469,SILFAPELA,1
Positive74472,FAPELANNT,1
Positive74523,AAHAEINEA,1
Positive74535,RQTVKENKG,1
Positive74551,PNYTQHTSS,1
Positive74565,SFKVTALNV,1
Positive74570,ALNVVSRRY,1
Positive74614,xNYTTAVDR,1
Positive74651,VTPYDILKQ,1
Positive74669,NEASSHKYV,1
Positive74688,xxSPVPQDx,1
Positive74700,MEELIKDGS,1
Positive74730,KFGNIYDYH,1
Positive74741,xEYLNKIQN,1
Positive74763,IHAHPGSRR,1
Positive74768,GSRRGGRHG,1
Positive74798,PINELILDT,1
Positive74820,YSGSQASDN,1
Positive74833,TSTLTSLFR,1
Positive74839,LFRPGASQK,1
Positive74866,AVTPLRIFI,1
Positive74871,RIFIVPPPA,1
Positive74898,xARISMIEG,1
Positive74924,xEPGQLKLN,1
Positive74929,LKLNWFKKG,1
Positive74940,KEEPTAAPx,1
Positive74947,xPQVKFNWx,1
Positive74975,xDKPSYQFG,1
Positive74997,AAVAANNAx,1
Positive75005,SNSLIYYAL,1
Positive75020,PYIADCPNC,1
Positive75025,CPNCGHSRx,1
Positive75032,xVKVAVCDI,1
Positive75049,KLIIDENIY,1
Positive75054,ENIYYFDDN,1
Positive75059,FDDNYRGAV,1
Positive75070,LGYWKIRGx,1
Positive75162,xATYHLYNS,1
Positive75165,YHLYNSQDx,1
Positive75175,VSKSKTNIF,1
Positive75184,xEMPSEEGY,1
Positive75241,PVPQKAVPY,1
Positive75283,EEKGTGKRN,1
Positive75298,RTLEDAAHx,1
Positive75329,QAEPPQAFI,1
Positive75334,QAFIDEVxx,1
Positive75340,xKVLHKRTL,1
Positive75347,TLGLSAMST,1
Positive75423,SDGYKYFAP,1
Positive75436,xxVLWGVHH,1
Positive75446,PNIGDQKAL,1
Positive75467,NRDQGRKPT,1
Positive75480,xNGICWGNQ,1
Positive75492,TVVDTTRST,1
Positive75500,xLCGSVFLV,1
Positive75573,xAALFFFDI,1
Positive75619,TAGPNEYVY,1
Positive75625,YVYYKVYAT,1
Positive75630,VYATYRKYQ,1
Positive75638,xAHGRSQVL,1
Positive75646,LQQSTYQLL,1
Positive75662,VGGPLTNSR,1
Positive75674,KKNITAQEI,1
Positive75712,EAKVEVAEN,1
Positive75718,AENNVSSVA,1
Positive75753,AAGANPLGL,1
Positive75780,GKLPATQLR,1
Positive75800,KVLTTGLPA,1
Positive75813,LSPCQEKKG,1
Positive75818,EKKGFICKM,1
Positive75838,TINKPKGYV,1
Positive75873,PGSCFPGVx,1
Positive75892,CDSELEIKR,1
Positive75898,IKRYKNRVA,1
Positive75916,DIVRGRDMF,1
Positive75972,LTQDLFLPF,1
Positive76001,LPIRNWNFD,1
Positive76013,ECAGVALSR,1
Positive76029,AGAIGFKIH,1
Positive76034,FKIHEDWGx,1
Positive76045,KCGKNRETI,1
Positive76053,IEKLLSKLL,1
Positive76072,RKAEGDAKG,1
Positive76084,xGILEDMPV,1
Positive76100,NQNSKYINY,1
Positive76120,TDSTDNNQN,1
Positive76133,GARPKQRRP,1
Positive76150,LKANIQLVx,1
Positive76158,MLNGNPKPE,1
Positive76181,KQFDKQKRK,1
Positive76205,xPMILTITL,1
Positive76210,TITLNGTSE,1
Positive76221,MKGVVCTRI,1
Positive76248,xNKGKWKEH,1
Positive76254,KEHIKEVTE,1
Positive76278,xDNLAPMSD,1
Positive76294,STLQVSDVD,1
Positive76300,DVDKLVCRD,1
Positive76331,PHVVDLPQL,1
Positive76357,GLLQTATKx,1
Positive76363,xxYIHEGLK,1
Positive76374,VKTPSKKKT,1
Positive76396,KAWLVHRQW,1
Positive76431,RGLKGHRGF,1
Positive76446,SVDSLTFSV,1
Positive76478,xEGVVHGVA,1
Positive76490,DENFVFEEF,1
Positive76499,RASDTAGQE,1
Positive76529,EEYKRLDED,1
Positive76551,xDKVGHDFS,1
Positive76688,IENWNLQNx,1
Positive76723,TPAAKVLVE,1
Positive76739,ITDNPYMTS,1
Positive76745,MTSIPVNAF,1
Positive76757,xHSDHAESS,1
Positive76763,ESSWVNRGE,1
Positive76801,TACERAKRT,1
Positive76809,xTEAFLAEM,1
Positive76820,RGLSLGMRL,1
Positive76856,xEANNREGV,1
Positive76876,KLEKYTNKF,1
Positive76882,NKFEHNIKP,1
Positive76893,LEVTWGNNE,1
Positive76898,GNNEPYKYW,1
Positive76907,xSRKAYDHN,1
Positive76912,YDHNSPYIW,1
Positive76942,xRFLCFGSE,1
Positive76947,FGSEGGTYY,1
Positive76957,xKRSTTRDA,1
Positive76979,GTQFTFDSW,1
Positive76984,FDSWNYSFE,1
Positive77059,xQAYQQGVT,1
Positive77079,TLQSTNYTC,1
Positive77084,NYTCIVCID,1
Positive77114,SGVICGRMT,1
Positive77119,GRMTCSPTE,1
Positive77123,CSPTEEENL,1
Positive77135,EISTGLVGI,1
Positive77140,LVGITSVAS,1
Positive77172,YNDKLPLYI,1
Positive77197,RIVLKALSA,1
Positive77221,PEEYVSPDA,1
Positive77226,SPDAEVIGx,1
Positive77235,KASVPGGGD,1
Positive77240,GGGDMGGMD,1
Positive77300,YAHHAHHAx,1
Positive77324,EVQIDRLIT,1
Positive77361,IVSYLCDLA,1
Positive77396,CKDKKADSG,1
Positive77450,QEKDLEYGA,1
Positive77465,ALSAQLYSS,1
Positive77496,GYSGWCHYC,1
Positive77501,CHYCKSSCx,1
Positive77516,PDQKPPSRQ,1
Positive77523,RQSQTGSKV,1
Positive77544,xTFLKNTVM,1
Positive77577,xCWAFSGVA,1
Positive77582,SGVAATESA,1
Positive77603,EYDDAADAA,1
Positive77627,TDGVTYTND,1
Positive77642,RAGRRRYAH,1
Positive77673,xxVHGVWYF,1
Positive77700,AYQDYTARA,1
Positive77711,xxFVDSIGQ,1
Positive77720,SFQNTWEGx,1
Positive77737,xTYKAPQDA,1
Positive77799,LERRKTGVF,1
Positive77804,TGVFTVAEF,1
Positive77833,NFTTAPAIC,1
Positive77849,AASGPKVVI,1
Positive77852,GPKVVIDGK,1
Positive77855,VVIDGKDQN,1
Positive77920,QAIGRVTPI,1
Positive77930,TLVCLATGF,1
Positive77953,xxTAVRVPV,1
Positive77975,xFCPDVEFK,1
Positive77981,EFKRRFKEA,1
Positive77989,AFSKAAQQT,1
Positive77992,KAAQQTKGx,1
Positive77998,xxVKTLLPY,1
Positive78005,PYGSVINYY,1
Positive78011,NYYGYVKPG,1
Positive78019,xGKCGVSIP,1
Positive78050,RYSRNAVPN,1
Positive78073,xGLCNMYKD,1
Positive78091,GVIGKTDLR,1
Positive78104,VVTVPAYFN,1
Positive78107,VPAYFNDSQ,1
Positive78118,xFEFWDWVG,1
Positive78125,VGGRYSLWS,1
Positive78140,PSRSFSYFY,1
Positive78181,VTHEMAHAL,1
Positive78218,xVPSDVLEM,1
Positive78234,FKGSIFVVF,1
Positive78268,LTLKDTFFD,1
Positive78322,xWTTPDTSP,1
Positive78351,xxWPYFKTY,1
Positive78374,WRRPSHQQP,1
Positive78426,NRALSGIAA,1
Positive78430,SGIAAEQDR,1
Positive78433,AAEQDRNTx,1
Positive78560,AGEERAVTT,1
Positive78598,xDKIRGEGM,1
Positive78604,EGMRYIIIL,1
Positive78608,YIIILDxxx,1
Positive78634,RHDGGCRKE,1
Positive78665,SKSTSAAST,1
Positive78669,SAASTSDEL,1
Positive78675,DELSGSEGP,1
Positive78708,QRDFDLADA,1
Positive78711,FDLADALDD,1
Positive78721,NVRRLNINR,1
Positive78729,RKDYTGIYQ,1
Positive78747,DDTARQEIR,1
Positive78760,GRVGIYFGM,1
Positive78774,RQGLGYYSP,1
Positive78793,YQRGASVIL,1
Positive78798,SVILFSSPP,1
Positive78809,EEASGSSVT,1
Positive78817,TAEEAKKFL,1
Positive78830,SRNKANDYT,1
Positive78856,GALFQPDSF,1
Positive78885,xGLLRYHTY,1
Positive78986,EPPSEKHFR,1
Positive79022,VVEEQGSEN,1
Positive79033,DVDMVFASF,1
Positive79038,FASFIRKAS,1
Positive79070,KAIGKKIHQ,1
Positive79073,GKKIHQNNG,1
Positive79090,RAIARVADT,1
Positive79101,xEQNQEQKR,1
Positive79106,EQKRAAQRA,1
Positive79116,xESSNNAES,1
Positive79124,SSNISQESK,1
Positive79140,LDLAEQELV,1
Positive79146,ELVDCASQH,1
Positive79171,xVRLKPLNC,1
Positive79180,xxVSYSSYH,1
Positive79185,SSYHATYSL,1
Positive79190,TYSLYLFPH,1
Positive79232,ACIKFIQYE,1
Positive79264,LPLSQHEQV,1
Positive79269,HEQVGQGSL,1
Positive79274,QGSLVQGQG,1
Positive79283,xCYAIRNxx,1
Positive79319,xHLYADGLT,1
Positive79330,AVPAFSDIA,1
Positive79335,SDIAKSAND,1
Positive79348,xRCQCHLRV,1
Positive79395,xMESPHDLV,1
Positive79422,PAKAKAVKP,1
Positive79433,xEGRFKSQD,1
Positive79461,xFSILMAQD,1
Positive79466,MAQDTLDQN,1
Positive79492,SQFHIQGQV,1
Positive79504,PVEEKQNGR,1
Positive79509,QNGRMIVIV,1
Positive79514,IVIVAKKYx,1
Positive79524,SRSLKMRGQ,1
Positive79535,LKPEEVAQE,1
Positive79546,EEPLIEPLx,1
Positive79560,DRPEDLDVP,1
Positive79568,PPALADFIH,1
Positive79619,DCLLCAYSI,1
Positive79655,xYETGYIKF,1
Positive79672,xxSVIIDGE,1
Positive79694,xQPDQHHQx,1
Positive79701,xCRWSVRLS,1
Positive79773,xYTHFAKAA,1
Positive79787,VCVRQLKAI,1
Positive79801,NKIREEYPD,1
Positive79806,EYPDRIMNx,1
Positive79818,EVDTLTRNG,1
Positive79863,IGRGNFGEV,1
Positive79875,KVLSPLQDN,1
Positive79888,xMNPRNTVF,1
Positive79897,DAKRLIGRK,1
Positive79918,YHFIMQRIx,1
Positive79976,SKYQEKLVL,1
Positive80035,FPKDKEGRA,1
Positive80042,RALQKFLGT,1
Positive80070,xYDCNTAAT,1
Positive80092,xCNTKCQTP,1
Positive80113,xQASDDGDK,1
Positive80119,GDKGSDVES,1
Positive80131,ASSVPPRPL,1
Positive80145,ESLPAPETS,1
Positive80162,EDNEERMSR,1
Positive80165,EERMSRLSK,1
Positive80181,VEAFHRYGT,1
Positive80203,ALSSQHQAR,1
Positive80209,QARIEIESF,1
Positive80212,IEIESFYEx,1
Positive80238,xTHWQGVYW,1
Positive80267,EKKVPINLW,1
Positive80272,INLWLDGKQ,1
Positive80289,ARQGAARVT,1
Positive80301,SLLGQLSGQ,1
Positive80311,ASFKKNIGR,1
Positive80314,KKNIGRNRS,1
Positive80421,AVDRAKEAA,1
Positive80430,xLGQGSFRP,1
Positive80455,NDTITCTTH,1
Positive80473,SPVVKGKYN,1
Positive80483,TLLNGSAFx,1
Positive80502,xVGAESCGR,1
Positive80508,CGRPFSGSL,1
Positive80527,GGKLAAGKY,1
Positive80533,GKYTDAVTV,1
Positive80542,GNGKITQDE,1
Positive80563,xLDPMVEER,1
Positive80577,xRDATAYPS,1
Positive80615,KKVAVVRTP,1
Positive80655,DENTLQHAY,1
Positive80673,PKTNKWEDK,1
Positive80697,SVPKWDRLP,1
Positive80706,xKVIDTLTC,1
Positive80712,LTCGFADLM,1
Positive80739,ADLGDFENS,1
Positive80768,RAVLHVALR,1
Positive80773,VALRNRSNT,1
Positive80782,AIGLAWIPY,1
Positive80828,GEHLLESDL,1
Positive80852,xxPKGRTVI,1
Positive80867,NWENHWIYW,1
Positive80891,SFREWEADP,1
Positive80932,TATAGWTFG,1
Positive80944,GVDVSMNTH,1
Positive80955,AVKMTLKNx,1
Positive80987,LDQTFSELS,1
Positive80995,xNLTQHPSA,1
Positive81008,EQQYNKPLC,1
Positive81033,DEPQRRSAx,1
Positive81044,KRNADAKAD,1
Positive81073,ASNRTFDIT,1
Positive81082,VSGLGTAPK,1
Positive81092,TTKKDHKPQ,1
Positive81124,RLKGGAPIK,1
Positive81133,xVSSYHSKP,1
Positive81138,HSKPCNPAQ,1
Positive81162,RATVGTEWT,1
Positive81174,xDVNVYHIF,1
Positive81179,YHIFFQMSL,1
Positive81184,QMSLWLPSE,1
Positive81201,GGIKKIRLP,1
Positive81214,FHSEFEEIN,1
Positive81219,EEINRVLFG,1
Positive81232,AYGSFVRTV,1
Positive81246,VTQLKGLSx,1
Positive81253,xFFWTILKP,1
Positive81311,GKSTLARVI,1
Positive81324,xQSTHVDIR,1
Positive81366,AAIGGRMVS,1
Positive81371,RMVSRTLRD,1
Positive81384,GRGFAQRQQ,1
Positive81387,FAQRQQLDN,1
Positive81430,xxDSYFRGA,1
Positive81435,FRGAPKLLY,1
Positive81441,LLYVRLSHN,1
Positive81513,IGHEYFHNW,1
Positive81523,LDVEQLGIP,1
Positive81528,LGIPEQEYS,1
Positive81540,GIFTLTWEI,1
Positive81545,TWEIWGYxx,1
Positive81578,PGNSLDQGE,1
Positive81589,HRRTRKAPK,1
Positive81620,xxGPEKAFR,1
Positive81631,xAKKDWFDF,1
Positive81647,FCLRMARDT,1
Positive81653,RDTNLHLQS,1
Positive81689,TEIQMSSGN,1
Positive81732,EGSGGSGPQ,1
Positive81749,LEAMRLPKN,1
Positive81756,KNTPEEKDR,1
Positive81770,KEGYLVDKN,1
Positive81793,xVPQYLRWF,1
Positive81799,RWFEEWAED,1
Positive81803,EWAEDFCRK,1
Positive81811,xGRWGSQRA,1
Positive81816,SQRAVNVSG,1
Positive81829,SSAVVDNKL,1
Positive81839,xFPSPYYSP,1
Positive81903,xGLCTLVAM,1
Positive81917,TGAPADVTD,1
Positive81937,xFLMLVGGS,1
Positive81970,ETEFSKLYx,1
Positive81978,SWLGRQLRI,1
Positive81996,PQKAQGHRP,1
Positive82012,RILTVEDHY,1
Positive82025,RRVLVYSCR,1
Positive82049,YIYNLTICE,1
Positive82119,xMERFLRKY,1
Positive82151,LGFVFTLTV,1
Positive82164,DMNEKQKPY,1
Positive82173,FEFEYDDFK,1
Positive82192,xNNPDWGTF,1
Positive82198,GTFEEVSGN,1
Positive82215,PSDNPFSKL,1
Positive82224,YKETIETFD,1
Positive82284,GQSESVEFT,1
Positive82294,TGGVYHFVK,1
Positive82299,HFVKKHVHE,1
Positive82315,IKAERTEQK,1
Positive82318,ERTEQKDFD,1
Positive82341,LVRAERTEH,1
Positive82348,EHEYVYDVD,1
Positive82357,xxGSNDDLW,1
Positive82362,DDLWHQWKR,1
Positive82379,EAQTLSKIL,1
Positive82383,LSKILLKDL,1
Positive82394,FLFDGSPTY,1
Positive82469,ITANTREIQ,1
Positive82473,TREIQHIKE,1
Positive82486,LNSESGSAG,1
Positive82491,GSAGQMVQD,1
Positive82545,xVEILRNFY,1
Positive82550,RNFYFINRL,1
Positive82563,VKDKNIDIS,1
Positive82582,GVMAARGQL,1
Positive82627,ELQFPFLQD,1
Positive82660,KEADDNDHE,1
Positive82720,HGSLELLAD,1
Positive82747,GKVGPKGPM,1
Positive82763,NTSSGASPP,1
Positive82780,RAGEAMVLV,1
Positive82813,CVQPEKGGR,1
Positive82871,QLATYYYYL,1
Positive82885,NKNDNKNDx,1
Positive82908,LLDRKSGKQ,1
Positive82916,QYSIEAALR,1
Positive82943,HPEYAVSVL,1
Positive82952,xQSKVLPVP,1
Positive82979,SEESGLPKL,1
Positive82988,PVPPLQQTL,1
Positive83020,GFTNFDWGS,1
Positive83027,xxKTQIDQV,1
Positive83032,IDQVESTAG,1
Positive83052,ELGGQFHHK,1
Positive83055,GQFHHKSEN,1
Positive83087,xLTLHFEGR,1
Positive83103,TLRGQAQAP,1
Positive83115,xxxVIKARM,1
Positive83120,KARMMEYxx,1
Positive83127,HGFTEQNSG,1
Positive83243,IKIIAPPER,1
Positive83272,EAQVKIWRR,1
Positive83293,GNNIRYFIL,1
Positive83359,ALYTDEDLL,1
Positive83380,MAWTVVNSI,1
Positive83388,xxAFQTPVH,1
Positive83404,HDEEFCDML,1
Positive83509,STQTAGPWH,1
Positive83584,DGEEQVEYP,1
Positive83598,KFSDTIGKR,1
Positive83614,CLGMSSRDF,1
Positive83649,EKQTRGIFG,1
Positive83665,ADEEQQQAL,1
Positive83684,RRRRTVGLS,1
Positive83714,xEENISLDL,1
Positive83719,SLDLIQQYY,1
Positive83724,QQYYLTFNF,1
Positive83738,SEGRSWAQx,1
Positive83771,ESDLIIPIT,1
Positive83779,xAPHRVLAT,1
Positive83784,VLATVYNGE,1
Positive83790,NGECRYSRN,1
Positive83799,xVYFCASSF,1
Positive83805,SSFSTCSAN,1
Positive83920,WSRSASRNR,1
Positive83925,SRNRRHVTE,1
Positive83928,RRHVTEEAD,1
Positive84011,xETHPLYQx,1
Positive84019,VLLTEAPLN,1
Positive84097,FLVALVLFT,1
Positive84103,LFTIGSLIC,1
Positive84114,TCLANKYRP,1
Positive84121,RPITGACNx,1
Positive84128,xCYCYGLPD,1
Positive84133,GLPDSVKIW,1
Positive84137,SVKIWTSxx,1
Positive84144,METIKSIAD,1
Positive84149,SIADMATGV,1
Positive84157,xRDMLLANK,1
Positive84193,VGSSIASWA,1
Positive84198,ASWAIKWEY,1
Positive84210,KKGNSYPKL,1
Positive84222,xNDRVYINV,1
Positive84227,YINVVVKNK,1
Positive84233,KNKEYRLAT,1
Positive84244,QRAGSPLPR,1
Positive84257,GVRRGDLAH,1
Positive84264,AHLAAAHAR,1
Positive84275,xAKGVEFRx,1
Positive84295,IKIASGFGP,1
Positive84338,QVPDPNVPD,1
Positive84343,NVPDAFVVI,1
Positive84352,xxxIWYINC,1
Positive84357,YINCFGCET,1
Positive84362,GCETHAMLx,1
Positive84410,SSNAGADPN,1
Positive84416,DPNTTNLRP,1
Positive84423,RPTTYDTWC,1
Positive84447,xKVKDTCQG,1
Positive84451,DTCQGYNNS,1
Positive84466,GYTLECKIC,1
Positive84481,EVGDVNVEE,1
Positive84501,xSTNKAVVS,1
Positive84558,PGDKITFEA,1
Positive84590,IQTAVRLLL,1
Positive84596,LLLPGELAK,1
Positive84621,xRKLWCHHF,1
Positive84633,CQRVRSGDW,1
Positive84638,SGDWKGYTG,1
Positive84691,YTIVCYKRH,1
Positive84696,YKRHASDSQ,1
Positive84713,xSYSMCTGK,1
Positive84729,FPLANVTCR,1
Positive84776,LNKPLITVS,1
Positive84798,xEYNIMFGP,1
Positive84826,RGTKFIIKK,1
Positive84840,TSEARGRIP,1
Positive84866,ALNTPKDHI,1
Positive84871,KDHIGTRNP,1
Positive84896,xSRYCLSSR,1
Positive84902,SSRLRVSAT,1
Positive84957,LGTQYTDAP,1
Positive84972,xAQTQSLVY,1
Positive85004,SYECDIPIG,1
Positive85017,EEEEAEDKE,1
Positive85038,AIRNDEELN,1
Positive85044,ELNKLLGKV,1
Positive85052,xHLGKCNIA,1
Positive85058,NIAGWILGN,1
Positive85079,NHKNLLKIA,1
Positive85085,KIAQYAAQN,1
Positive85102,IDNLPEEVV,1
Positive85134,VVNRIRGGF,1
Positive85169,MSFEAAHEF,1
Positive85195,RAKAVKQFE,1
Positive85207,xNDATYQRT,1
Positive85213,QRTRALVRT,1
Positive85225,NDTDSSAAT,1
Positive85243,xTLETCPDD,1
Positive85248,CPDDFTCVK,1
Positive85273,SAAGVHFKA,1
Positive85278,HFKAGGPIx,1
Positive85286,TEDSGLTGV,1
Positive85289,SGLTGVKDS,1
Positive85322,DRHYLTGSx,1
Positive85377,xVFMVPQYG,1
Positive85399,xFVGTWKLV,1
Positive85404,WKLVDSKNF,1
Positive85407,VDSKNFDDY,1
Positive85412,FDDYMKSLG,1
Positive85423,xNLGSFLDI,1
Positive85429,LDIILKGPE,1
Positive85438,xxDFWATWC,1
Positive85443,ATWCGPCKM,1
Positive85450,KMVAPVLEE,1
Positive85462,RSARLSAKP,1
Positive85474,xRYVRMGTE,1
Positive85489,PEGFPFKYV,1
Positive85499,xKSSWGAIW,1
Positive85536,xxLLVNSSQ,1
Positive85566,DFTTLQANK,1
Positive85581,AARKADLEK,1
Positive85618,FSWLPALAS,1
Positive85623,ALASNFDQx,1
Positive85643,LNQTARAFP,1
Positive85672,ATPLLMRPM,1
Positive85682,xHVWSSPQA,1
Positive85696,HDPTLTWxx,1
Positive85708,xSKPQSETL,1
Positive85717,LQVQDQLMN,1
Positive85722,QLMNEELTE,1
Positive85731,xAVTFASFD,1
Positive85765,TSAAAYFVG,1
Positive85801,TNDDGFYVS,1
Positive85812,VADNGERRY,1
Positive85825,LLAGNAEAD,1
Positive85850,RRKRLPYFF,1
Positive85856,YFFSDVSLA,1
Positive85887,xFVKLISWY,1
Positive85890,KLISWYDNE,1
Positive85906,GSLSEKMNI,1
Positive85931,CVEWLRRYL,1
Positive85934,WLRRYLENG,1
Positive85942,GKDKLERAD,1
Positive85981,KLQMEPKMQ,1
Positive85986,PKMQSKTKI,1
Positive86011,GKHGKEIKI,1
Positive86020,xNWKMNGSY,1
Positive86027,SYSHINTFF,1
Positive86041,GPEETGPEE,1
Positive86055,xSKLIKIFQ,1
Positive86072,xSYPDNSYQ,1
Positive86086,FFPFISRGK,1
Positive86160,ALDQLKQFT,1
Positive86172,QGGRKTTTG,1
Positive86237,xFQLKTADL,1
Positive86245,LPAGRDETT,1
Positive86257,xAYANSTQE,1
Positive86274,TPEKYRGRD,1
Positive86300,METMKLMME,1
Positive86318,KARVDELER,1
Positive86328,SGYIPANTT,1
Positive86380,FRREKPFPH,1
Positive86385,PFPHRMDCV,1
Positive86390,MDCVTTTVE,1
Positive86401,xAFRFGHAT,1
Positive86407,HATIHPLVR,1
Positive86412,PLVRRLDAS,1
Positive86430,EKNEILKRH,1
Positive86440,xRAYTYGVI,1
Positive86460,FSGDSDRIC,1
Positive86463,DSDRICSNR,1
Positive86472,xVTMTDLVP,1
Positive86478,LVPGILEKQ,1
Positive86487,xMRMKHVRA,1
Positive86493,VRAWIPRPM,1
Positive86502,xAPGANQEG,1
Positive86525,MDKCSSIFN,1
Positive86534,IVSNSLGFV,1
Positive86580,GRGWAFSAT,1
Positive86593,xSIPWKSKL,1
Positive86608,IQDCYVENG,1
Positive86633,xxNHVSPTH,1
Positive86651,xFLMHAPAF,1
Positive86656,APAFETAGT,1
Positive86675,CPAVKRDVD,1
Positive86715,xELIPSTSS,1
Positive86731,AQPHEPGSY,1
Positive86738,SYTNVFDHL,1
Positive86752,AGVIQSPRH,1
Positive86759,RHEVTEMGx,1
Positive86786,xTRPIQVAQ,1
Positive86800,xMSESHVKI,1
Positive86808,ISRTIIRGT,1
Positive86828,PGSWDPITA,1
Positive86835,TAALSQRAM,1
Positive86862,ISIEAASDI,1
Positive86887,DYKTMVKFC,1
Positive86933,xSQERNFVD,1
Positive86944,VKTKNTTTT,1
Positive86967,xINDISHTQ,1
Positive86977,VSSKQRVTG,1
Positive86980,KQRVTGLDx,1
Positive86991,NMTALEAVS,1
Positive87014,ILPKFKQIM,1
Positive87032,CTTRGVSSC,1
Positive87060,HGVWYFNSx,1
Positive87070,IIWTLQDTQ,1
Positive87076,DTQEIKQRV,1
Positive87090,EAMRIGAEV,1
Positive87095,GAEVYHNLK,1
Positive87104,xKSHGRTQD,1
Positive87149,SFVTRRYLS,1
Positive87160,xDGGKMVQV,1
Positive87170,AKLLKERGF,1
Positive87208,VGLRTPQRF,1
Positive87223,AGQKICFKK,1
Positive87245,IDTKHLPST,1
Positive87254,xKIAKYIPI,1
Positive87307,xYTRDLVYK,1
Positive87316,TRMQTQING,1
Positive87322,INGLNQGVS,1
Positive87326,NQGVSNAND,1
Positive87355,FTYMINFGR,1
Positive87358,MINFGRGQN,1
Positive87363,RGQNYWEHP,1
Positive87377,IFNQFTASY,1
Positive87382,TASYPLLRS,1
Positive87395,PRRKVGSDC,1
Positive87421,NKLFEKTRR,1
Positive87426,KTRRQLREN,1
Positive87436,EILTSKITQ,1
Positive87446,GEVPMYGLM,1
Positive87453,LMPKGVKxx,1
Positive87489,TPLNIFSTL,1
Positive87498,HRKLDNSVR,1
Positive87510,QVVRLDGNE,1
Positive87516,GNEIKRSAM,1
Positive87537,CADGYTAET,1
Positive87545,TINEAIIKI,1
Positive87555,xTQYIRFSP,1
Positive87561,FSPDFTFGF,1
Positive87581,DGNQIDKNN,1
Positive87584,QIDKNNSTD,1
Positive87646,LPNFSSLNL,1
Positive87680,PFDEQNCSM,1
Positive87731,GPGYYRLTL,1
Positive87738,xxSHVVTML,1
Positive87748,xxVRNYLLK,1
Positive87753,YLLKHKNLY,1
Positive87777,xTRLENLMW,1
Positive87786,xVHTWTEQY,1
Positive87802,PENLTLKAP,1
Positive87814,QVYNKLGMY,1
Positive87855,LNFRPYVSI,1
Positive87885,FKQSSKALQ,1
Positive87890,KALQRPVAS,1
Positive87918,YLYKNGELD,1
Positive87926,DEREYNFSM,1
Positive87953,DGQQLAQSQ,1
Positive87958,AQSQAICRY,1
Positive87981,PALELIRMV,1
Positive88004,RSRQFQxxx,1
Positive88011,DRSGLAPKR,1
Positive88054,GAEYDDQTS,1
Positive88060,QTSQREKED,1
Positive88071,LSSKAVNHI,1
Positive88077,NHIRSVWKD,1
Positive88090,xGHEVLNLT,1
Positive88099,RNGYGSTQY,1
Positive88112,IGVWGARHA,1
Positive88119,HASDFLSAT,1
Positive88131,LQDVASHES,1
Positive88138,ESGVSDQPA,1
Positive88144,QPAQVVTER,1
Positive88176,QTNDTHKRD,1
Positive88182,KRDTYAATP,1
Positive88236,KKVINALSG,1
Positive88242,LSGIDLSHx,1
Positive88323,HLKELIARN,1
Positive88331,NTWTLKKLP,1
Positive88343,PMIWAQKTN,1
Positive88371,FNSSAGDKQ,1
Positive88388,SEFFRSGKY,1
Positive88409,QNFGLFYPN,1
Positive88415,YPNKQPVYQ,1
Positive88440,QLFYRDTEQ,1
Positive88445,DTEQVDNWM,1
Positive88454,SRNWLPGPC,1
Positive88465,CGVGVRVRR,1
Positive88484,NQILKPKLI,1
Positive88490,KLISYTLPV,1
Positive88501,GELPNIEAD,1
Positive88521,KRKRSQMLF,1
Positive88526,QMLFRGRRA,1
Positive88537,IPPSLRTLE,1
Positive88553,IAESKQLTV,1
Positive88558,QLTVKQKTE,1
Positive88593,GRRQPIPKA,1
Positive88643,EGNASRCWx,1
Positive88692,GPLTVAQKK,1
Positive88697,AQKKAQNIM,1
Positive88723,KETLHSTSP,1
Positive88760,xxTLEEWES,1
Positive88769,GKNPYEPRE,1
Positive88781,PQPDFPQLN,1
Positive88798,xKHKNLYEF,1
Positive88850,xVPLDGKTI,1
Positive88864,xINHFVLLV,1
Positive88877,GPVINGRCC,1
Positive88884,CCLEEKVCS,1
Positive88920,xMSWQTYVD,1
Positive88926,YVDEHLMCE,1
Positive88931,LMCEIEGHH,1
Positive88965,EGVKNTTGE,1
Positive89022,GGPDRFTLL,1
Positive89027,FTLLTPGSH,1
Positive89064,TSTDTTPAx,1
Positive89153,xNNYCKIKC,1
Positive89158,KIKCRKGIH,1
Positive89164,GIHTLCKFG,1
Positive89240,IQCCTKNNC,1
Positive89251,AQVVKDYFT,1
Positive89256,DYFTLKGAA,1
Positive89264,AAPVAHFQG,1
Positive89275,YLHGDKTKP,1
Positive89312,xDNGKAIYE,1
Positive89333,PVVAESPKK,1
Positive89342,xGGHWGAWM,1
Positive89364,xxYSLRLTP,1
Positive89371,TPRPVSRFL,1
Positive89375,VSRFLGNNS,1
Positive89415,SDATSKAHQ,1
Positive89431,QATRGAVVA,1
Positive89441,xYYQQTDEA,1
Positive89464,YLATASTMx,1
Positive89492,xxLFPHWIK,1
Positive89518,HRFYESGIV,1
Positive89523,SGIVFEEYK,1
Positive89529,EYKDYFCIS,1
Positive89557,SNNAITPGD,1
Positive89598,GEWVMKDYR,1
Positive89611,TGESHNTKR,1
Positive89614,SHNTKRADH,1
Positive89619,RADHNYLCK,1
Positive89640,xxGNQHVDD,1
Positive89645,HVDDRPSPA,1
Positive89664,LPTTLKMWS,1
Positive89672,xNKENCGAA,1
Positive89683,VPTSRTTWS,1
Positive89703,xPRKQCSKE,1
Positive89708,CSKEDGGGW,1
Positive89723,GEKGDTSGP,1
Positive89757,xCKVMVHDP,1
Positive89769,xTKWCPPGQ,1
Positive89791,VGLAQQWDQ,1
Positive89796,QWDQLDQLG,1
Positive89814,xWSSLGKRA,1
Positive89829,xTMPFSPDF,1
Positive89844,PAEDSNGEQ,1
Positive89850,GEQLVCAGM,1
Positive89853,LVCAGMRED,1
Positive89879,IRKLQKSTH,1
Positive89895,STLTARENP,1
Positive89903,xTGALFKHS,1
Positive89908,FKHSENYKx,1
Positive89916,GYENPTYKF,1
Positive89922,YKFFEQMQN,1
Positive89938,xxVKFNWYV,1
Positive89994,GEAETMTPx,1
Positive90031,KEFSEVEGR,1
Positive90057,xDANKKACC,1
Positive90062,KACCAIRGS,1
Positive90089,VPGVRLLQD,1
Positive90103,xERDPANIP,1
Positive90108,ANIPWDKDx,1
Positive90124,YWPLNDYGF,1
Positive90165,RHCASGETI,1
Positive90194,xxPDIITGF,1
Positive90207,GLTTTWKDY,1
Positive90221,SGTGEQVTH,1
Positive90226,QVTHIGVVG,1
Positive90231,GVVGIKITC,1
Positive90252,KLVTILQAH,1
Positive90259,AHPLQQSYD,1
Positive90272,LQDEIQNMK,1
Positive90277,QNMKEEMAR,1
Positive90288,TATRLLSST,1
Positive90294,SSTNSRLCx,1
Positive90321,xSLMVALDS,1
Positive90327,LDSNNTMPF,1
Positive90336,xVPPGYLIQ,1
Positive90396,LRLMEENWN,1
Positive90401,ENWNAEKRS,1
Positive90415,LLQDNAKLV,1
Positive90461,KLCIEGKIx,1
Positive90469,VPTNATSLM,1
Positive90481,KKDVTPKTG,1
Positive90489,GKRKRSEQQ,1
Positive90492,KRSEQQKDE,1
Positive90543,KDFLPLYFG,1
Positive90548,LYFGWFLTx,1
Positive90560,FTIRPHYGK,1
Positive90563,RPHYGKEIx,1
Positive90585,PDSEPTKTN,1
Positive90597,xLLCNNNNS,1
Positive90600,CNNNNSNNY,1
Positive90615,EIDNDKENI,1
Positive90620,KENIKTNNA,1
Positive90662,VDCCMRDKC,1
Positive90720,xSSILEDWN,1
Positive90725,EDWNFGVPP,1
Positive90732,PPPPTTSLV,1
Positive90760,YLKNVLKPD,1
Positive90765,LKPDEKIHx,1
Positive90774,ISSSIFKNE,1
Positive90793,xGRQAHGSE,1
Positive90832,xIKVKTDDA,1
Positive90854,AAEEWKYVA,1
Positive90861,VAMVIDHxx,1
Positive90871,AVYKALSDH,1
Positive90920,RREILSRRP,1
Positive90925,SRRPSYRKI,1
Positive90928,PSYRKILND,1
Positive90946,QRGSVLRVE,1
Positive90963,xYFLHWWYD,1
Positive91000,SERIREFME,1
Positive91005,EFMEKECPx,1
Positive91028,PFVTPNFKL,1
Positive91049,LAMGDAGGY,1
Positive91055,GGYKAADMW,1
Positive91066,VREGIAFRP,1
Positive91088,xLNPTITGK,1
Positive91124,FSPRGQHGR,1
Positive91136,xSSHRGNIC,1
Positive91142,NICIGATNY,1
Positive91147,ATNYVADNx,1
Positive91162,ILKPVTLWx,1
Positive91172,CRSCTLPPL,1
Positive91179,PLRYRGEDG,1
Positive91193,VRWRVMAIQ,1
Positive91210,IHGIKTQGA,1
Positive91215,TQGARQKFS,1
Positive91240,LILVKNGGI,1
Positive91285,VEKVKRTKD,1
Positive91349,SAPLRVYxx,1
Positive91365,xDDNGTEEW,1
Positive91371,EEWRCLLGY,1
Positive91395,PESEELEMx,1
Positive91456,EKVDTKAPE,1
Positive91466,xTSSTPPSG,1
Positive91499,FAKANKQVC,1
Positive91520,xVSLGQNVL,1
Positive91534,LPRDKFLKE,1
Positive91552,FGEDGVMQI,1
Positive91570,xARKLAMVE,1
Positive91594,TTKCLTKxx,1
Positive91618,xKIPKTITV,1
Positive91621,PKTITVSTx,1
Positive91641,IVMGASFRN,1
Positive91654,xRLRQQWID,1
Positive91660,WIDVRLRWN,1
Positive91695,YAVWAEAGF,1
Positive91705,xTVAEEHVE,1
Positive91723,NPIYSNNFG,1
Positive91737,EGLWQLSPC,1
Positive91766,KKSQIFSTY,1
Positive91770,IFSTYADNQ,1
Positive91775,ADNQPGVxx,1
Positive91782,PVRLFLEYL,1
Positive91801,KQRLKYAQE,1
Positive91818,LASPGSCLE,1
Positive91837,AVATGPYHP,1
Positive91842,PYHPIWTxx,1
Positive91937,VADAATGAG,1
Positive91954,YTTTCTDVK,1
Positive91981,xIFNLFSTK,1
Positive91997,VVTKKGRTF,1
Positive92040,GVFSMQQRx,1
Positive92047,xGNDLGKVQ,1
Positive92064,TVDKRSTTR,1
Positive92079,PEKICKGVP,1
Positive92107,xRMLNILNx,1
Positive92130,EVTTATGIx,1
Positive92178,HQVKDVLTP,1
Positive92227,AGDGEPPED,1
Positive92301,xRSSEMPEL,1
Positive92306,MPELTSMHT,1
Positive92326,TNDDDVKKA,1
Positive92348,HKSGSSIGK,1
Positive92364,PFYGKAIPL,1
Positive92380,KFKAEIRDF,1
Positive92425,RSATTPGNS,1
Positive92449,PAYNASEKY,1
Positive92464,KREMAIITF,1
Positive92494,LEELYPTNV,1
Positive92583,HRPLFTHLA,1
Positive92595,xGRGDSVVY,1
Positive92606,xICKMEADI,1
Positive92613,DIHTAEALP,1
Positive92643,ILPIQPTGD,1
Positive92651,DRHKQPLVA,1
Positive92657,LVAPAKQLL,1
Positive92666,ITVDGTKAV,1
Positive92674,xVIITFKSG,1
Positive92684,xANPTRQWI,1
Positive92689,RQWIERPTT,1
Positive92706,IVILVINEG,1
Positive92718,LSPVRRDQP,1
Positive92723,RDQPLFTFR,1
Positive92754,YEGKGVALQ,1
Positive92780,HAKRKTVTA,1
Positive92785,TVTAMDVVY,1
Positive92791,VVYALKRQx,1
Positive92799,LTMSNVKNV,1
Positive92804,VKNVSQTNF,1
Positive92818,xxQNSGNQS,1
Positive92845,RDHKKGRHT,1
Positive92867,xDYDNQHEQ,1
Positive92873,HEQDRPTPS,1
Positive92965,PDRGACALG,1
Positive92978,xEISTNIRQ,1
Positive92983,NIRQAGVQY,1
Positive93002,LRPGPVSQP,1
Positive93007,VSQPYHHWD,1
Positive93010,PYHHWDTDK,1
Positive93026,VKTTVVYGR,1
Positive93039,SIRLIREGK,1
Positive93044,REGKRFTGL,1
Positive93053,xQTKILAKV,1
Positive93125,YNRNIVNRL,1
Positive93148,VTPTRMLVC,1
Positive93212,LVCAPAPCN,1
Positive93361,FEDAYLLTL,1
Positive93366,LLTLHAGRV,1
Positive93376,KIQRDEDSY,1
Positive93398,xLIKRNTTI,1
Positive93413,xxLHNNEAG,1
Positive93418,NEAGRTTVF,1
Positive93438,GMGCSSPPC,1
Positive93443,SPPCECHQE,1
Positive93502,RANVVNLLx,1
Positive93533,xTMGIYFAT,1
Positive93541,TPEWVALNx,1
Positive93570,SMTSPLLTW,1
Positive93573,SPLLTWDGN,1
Positive93612,LHGEESERV,1
Positive93637,DELQDKIHP,1
Positive93690,HYRAHARDG,1
Positive93696,RDGVFDYYT,1
Positive93716,GQRPGFGYG,1
Positive93724,xNIQPIYVY,1
Positive93730,YVYPDDKNN,1
Positive93771,GARAALLTQ,1
Positive93808,VTVETRLID,1
Positive93813,RLIDERAAH,1
Positive93854,TGKIPWILL,1
Positive93906,LTVTYHSET,1
Positive93919,WSIHASGAW,1
Positive93924,SGAWMTTED,1
Positive93970,ASLQMRGNP,1
Positive94011,VEGVSGGSW,1
Positive94035,TRVPMDAFQ,1
Positive94075,xKVTAFQHQ,1
Positive94078,TAFQHQNSK,1
Positive94083,QNSKKTTKx,1
Positive94130,DNPRYTDAH,1
Positive94135,TDAHNAVTQ,1
Positive94175,SLLFMLNGN,1
Positive94242,xxGMTHMTS,1
Positive94248,MTSRDIEVQ,1
Positive94264,CPEFPGSFR,1
Positive94286,VKRDNLAPM,1
Positive94319,CNKDLRPIC,1
Positive94327,xVLLGRKWE,1
Positive94333,KWEDEVDDP,1
Positive94393,ELEQVKLLA,1
Positive94398,KLLADIYEx,1
Positive94432,xAVIEPIVA,1
Positive94437,PIVATNWQK,1
Positive94505,DYEDERISF,1
Positive94536,EILDISPCA,1
Positive94570,EKLTLRVPY,1
Positive94585,WDLGLSQWA,1
Positive94595,EALQTGITL,1
Positive94634,AQTLQAFLH,1
Positive94639,AFLHWAITD,1
Positive94642,HWAITDGNx,1
Positive94660,SKDVKIEVY,1
Positive94670,KDVLVCNKD,1
Positive94687,xTWKIEKAS,1
Positive94698,DEDSYERDP,1
Positive94722,CDTFRHALM,1
Positive94728,ALMTWGDKF,1
Positive94737,QEKIKKNPY,1
Positive94742,KNPYEQQLK,1
Positive94753,NVVIRACNF,1
Positive94772,IDTEAYTEN,1
Positive94821,xYVNTNMGL,1
Positive94841,NRQIERSSR,1
Positive94862,WTMMDGEEQ,1
Positive94874,IEKTNEKFH,1
Positive94893,LSMYRVFEV,1
Positive94907,IWTSETNKC,1
Positive94934,xLLPSRRGD,1
Positive94955,NSAEERLHS,1
Positive94994,DTQQSIPGN,1
Positive95020,NKTACMYGG,1
Positive95028,GVTLHDNNR,1
Positive95043,GYSLYAGWI,1
Positive95053,xPKDATDRC,1
Positive95069,APSDTPPGN,1
Positive95087,HHAEMQNPV,1
Positive95093,NPVYLIPET,1
Positive95136,EQTELSVTR,1
Positive95147,DIVMTQSPD,1
Positive95152,QSPDSLAVS,1
Positive95162,DVVDGMNFN,1
Positive95167,MNFNRGYxx,1
Positive95174,KQSGENFAY,1
Positive95228,xMSGLEVSF,1
Positive95235,SFEELRTFG,1
Positive95238,ELRTFGGHD,1
Positive95248,FDAGAGIAL,1
Positive95286,xGGHGSKPS,1
Positive95296,WTANGDYKS,1
Positive95304,SKGDKPVYE,1
Positive95320,YQYNYLRDG,1
Positive95334,ERGTKPPLE,1
Positive95422,xFVVDMMER,1
Positive95427,MMERLRISQ,1
Positive95432,RISQKWVRV,1
Positive95462,IISCNKNDK,1
Positive95484,xMATLEKLM,1
Positive95490,KLMKAFESL,1
Positive95500,xxQARSQSD,1
Positive95504,RSQSDRQSx,1
Positive95531,xGVQIASNE,1
Positive95536,ASNENMDSI,1
Positive95571,GSPPASQKE,1
Positive95601,PPQEQITQH,1
Positive95651,FVKQFSNIS,1
Positive95669,YGSSPQTFG,1
Positive95692,xEMERDCLI,1
Positive95731,ITTIAGVMx,1
Positive95744,ESAEGRKIF,1
Positive95753,xNAQLRSVD,1
Positive95758,RSVDPATFH,1
Positive95811,GVWKSPTDM,1
Positive95864,MSDTDIQDQ,1
Positive95871,DQQPDTVDA,1
Positive95914,EKPAKTYDD,1
Positive95934,GAVEEDPDK,1
Positive95982,FLDLMRAVA,1
Positive96005,PAGNGAGGQ,1
Positive96025,xIGVIVTTS,1
Positive96054,xLKPREEYQ,1
Positive96067,NTQRQTVRY,1
Positive96079,xYIPPHCST,1
Positive96100,STSSEGNTS,1
Positive96108,xxSKGLWAD,1
Positive96113,LWADCVMAT,1
Positive96145,LPRSSSSHH,1
Positive96149,SSSHHRSPS,1
Positive96164,DAGVDGIMT,1
Positive96172,xVMLYQISE,1
Positive96234,GCDPKKDRY,1
Positive96288,EELSFTVVS,1
Positive96315,PAPDTLKEx,1
Positive96342,LRLRRRQRE,1
Positive96354,ELLQEGYEE,1
Positive96361,EEIVGETPS,1
Positive96388,IATPEQLQA,1
Positive96397,AYEDGFHQC,1
Positive96402,FHQCDAGWL,1
Positive96415,ATGGNYVPR,1
Positive96428,AKLMPQLPG,1
Positive96440,xHVATAASR,1
Positive96444,TAASRDSQV,1
Positive96457,LDLPALNMQ,1
Positive96478,YLRGISTKV,1
Positive96492,xDTQGSNWI,1
Positive96497,SNWIQKETL,1
Positive96502,KETLVNFKN,1
Positive96526,RLNNSKIYI,1
Positive96532,IYINGRLID,1
Positive96537,RLIDQKPIx,1
Positive96573,GQMRPDNSK,1
Positive96603,xILKEPVHG,1
Positive96647,xSTANAKVL,1
Positive96662,NTATCATQR,1
Positive96721,xxCYKKVWR,1
Positive96724,YKKVWRDHR,1
Positive96730,DHRGTIIER,1
Positive96757,EFPLDITAG,1
Positive96769,DEDDSEPVL,1
Positive96776,VLKGVKLHY,1
Positive96800,VTTSGGRRQ,1
Positive96810,VYAYVFEHR,1
Positive96820,NTKITTNTG,1
Positive96880,PTPQKPVFP,1
Positive96892,PSARVSILH,1
Positive96909,TTEERQNED,1
Positive96912,ERQNEDGEN,1
Positive96917,DGENDEKAx,1
Positive96925,EMLAAERPR,1
Positive96934,GVFNRQLVL,1
Positive96960,xNEEGFFSA,1
Positive96966,FSARGHRPL,1
Positive96976,xxKTVTVKE,1
Positive96981,TVKEDQVMQ,1
Positive96987,VMQQNPPKF,1
Positive96998,LTNHLKSKE,1
Positive97010,xxGHWSRDC,1
Positive97015,SRDCTQPRP,1
Positive97034,xLTTDATTF,1
Positive97043,EEVATAEKL,1
Positive97062,LLDLSSWFT,1
Positive97080,DIVLEHGSC,1
Positive97137,LDDSLSAMP,1
Positive97174,GPLTLELQI,1
Positive97210,DKAAAICFR,1
Positive97223,xQHWSYGLR,1
Positive97249,KSIKEDVQF,1
Positive97254,DVQFADSRI,1
Positive97286,xSKAFKFAR,1
Positive97344,GQVFRRLTS,1
Positive97390,KLDDTENAS,1
Positive97429,IDGVNHxxx,1
Positive97435,DSITWQLQA,1
Positive97470,ATGEAPSQx,1
Positive97492,xAPRGTKMA,1
Positive97497,TKMARVWGR,1
Positive97542,EERAIDELK,1
Positive97550,KKQAIEDKE,1
Positive97583,xALNCYWxx,1
Positive97590,AAKTGKRKR,1
Positive97630,FHAIDEYKP,1
Positive97637,KPQDATTNx,1
Positive97663,xSHDLQLND,1
Positive97675,KAICVAGSF,1
Positive97700,FAEQVLGxx,1
Positive97713,xKLPLSLSF,1
Positive97754,xGAVIIRGH,1
Positive97760,RGHLRMAGH,1
Positive97816,xRIPVSDIF,1
Positive97893,AMDPIYDEP,1
Positive97942,RNKEVTWEV,1
Positive98031,xATGGTLQQ,1
Positive98036,TLQQLFYSI,1
Positive98096,AGGLYEYVF,1
Positive98138,PGAPVPEKW,1
Positive98144,EKWDDYTWQ,1
Positive98158,YKTAEIPGC,1
Positive98163,IPGCPRHVT,1
Positive98227,xxVGNETQG,1
Positive98235,GVTAEITPQ,1
Positive98261,xKRPKPGGW,1
Positive98327,LRGEEMEEM,1
Positive98359,FRGDLGGYN,1
Positive98364,GGYNQYTFx,1
Positive98371,xGSMFQQIL,1
Positive98382,NLSIYATTA,1
Positive98404,xFGSMLELS,1
Positive98414,xVECSGKQD,1
Positive98425,FKIVFPIVA,1
Positive98434,KKDFKYRGE,1
Positive98459,xNSKRNPIA,1
Positive98476,FKPPKYHPD,1
Positive98481,YHPDVPYVK,1
Positive98515,NITDHGSLI,1
Positive98525,LRVKIERDD,1
Positive98532,DDLSRETII,1
Positive98558,xLSTFQQMW,1
Positive98563,QQMWITKQx,1
Positive98585,xFLLTRILT,1
Positive98597,SSSNTTCVN,1
Positive98616,AMHTALTGA,1
Positive98627,xFVKNMNRD,1
Positive98633,NRDSTFIVN,1
Positive98644,KEADIKTAL,1
Positive98683,LSFELLNAP,1
Positive98688,LNAPATVCG,1
Positive98703,SLVKEPILK,1
Positive98711,KQTQASSSx,1
Positive98719,LIKGFKDQL,1
Positive98739,xKKWVYNSG,1
Positive98744,YNSGRLPRG,1
Positive98757,HQPGGGKVQ,1
Positive98777,PRFIPENQR,1
Positive98853,IYDAAVEGD,1
Positive98860,GDLLLKLxx,1
Positive98899,FGAYGAQEE,1
Positive98910,xIDFHYPNE,1
Positive98926,IINPSENGD,1
Positive98945,RFYGARSSS,1
Positive98956,QYFAKPRNQ,1
Positive98971,xxPIPAASQ,1
Positive99008,EASPQAWWD,1
Positive99021,ASGDGTITF,1
Positive99029,FTGKVIDAP,1
Positive99039,xQEVQRKDL,1
Positive99058,FPAYPIVVG,1
Positive99063,IVVGGQIYR,1
Positive99068,QIYRFGYKH,1
Positive99130,NPNGRYYWG,1
Positive99135,YYWGGQYTW,1
Positive99173,xRAISSWKQ,1
Positive99179,WKQRNRWEW,1
Positive99210,YDYHYEHET,1
Positive99232,xSTDEPAGE,1
Positive99244,RLATNASQA,1
Positive99249,ASQAGVEKI,1
Positive99302,EKPKLRKDM,1
Positive99310,MYKKMIEVD,1
Positive99322,ISGYFVTDP,1
Positive99352,TEINDNSWK,1
Positive99376,NGLYDIYAD,1
Positive99381,IYADDFITD,1
Positive99386,FITDTSTTP,1
Positive99404,ALTQPVDQL,1
Positive99414,xKGNQYWRF,1
Positive99417,NQYWRFEDG,1
Positive99424,DGVLDPDYP,1
Positive99482,DIDFDSVPx,1
Positive99490,RGNQGFPWD,1
Positive99496,PWDILFPAD,1
Positive99511,xxMTQAPRI,1
Positive99520,xPSAEECGY,1
Positive99524,EECGYSDRV,1
Positive99563,AMVIVVVNK,1
Positive99569,VNKGTGNLE,1
Positive99606,VLAESQPDP,1
Positive99628,xxNLNFEMY,1
Positive99634,EMYGAVYSV,1
Positive99644,FIDSYICQV,1
Positive99662,xYFSMVGNW,1
Positive99674,LVVLLLFAG,1
Positive99694,APQTERMMR,1
Positive99699,RMMRINWKK,1
Positive99704,NWKKWWQVx,1
Positive99722,xxSNRVFLC,1
Positive99730,CQDSKVTEI,1
Positive99737,EIPTDLPRN,1
Positive99746,EHIFGMVLM,1
Positive99769,xWGSFPGCR,1
Positive99774,PGCRPFQNY,1
Positive99781,NYFSYETxx,1
Positive99857,xxVGRIKSK,1
Positive99862,IKSKTDGGT,1
Positive99878,xVEVPGSQH,1
Positive99904,EDDNEETxx,1
Positive99923,TGGKSKQTE,1
Positive99950,LNTCKNKxx,1
Positive99961,KPGESRHTS,1
Positive99966,RHTSDHMSI,1
Positive99987,VCISYAGKD,1
Positive100016,VRSSNTCTV,1
Positive100036,GYVRSGGAV,1
Positive100041,GGAVPPACC,1
Positive100054,PPAEVPEVH,1
Positive100103,xxxLCCQHL,1
Positive100108,CQHLWQIPE,1
Positive100115,PEQSQCQAI,1
Positive100125,xxQLGPTCL,1
Positive100147,NNIMFKLDG,1
Positive100153,LDGCRDTHR,1
Positive100198,xSTVKEQLI,1
Positive100228,xDDKLRMET,1
Positive100244,WPQRVVTKK,1
Positive100296,xGTVLVTRK,1
Positive100338,TFCCKCDST,1
Positive100372,NQTNNHNNM,1
Positive100394,AERRQEDSA,1
Positive100402,xxRQWKAEF,1
Positive100416,WDVKGGGSP,1
Positive100461,CRYTPRRNI,1
Positive100489,PNTEQSPAI,1
Positive100509,RFADIDTVI,1
Positive100543,FSPEEMEAV,1
Positive100548,MEAVASKFR,1
Positive100566,xSEYVSRMK,1
Positive100580,xxVSHVDFM,1
Positive100595,GYGAKDVRN,1
Positive100605,EDVRLTQET,1
Positive100638,EAHVPPPYV,1
Positive100694,HINRTALNC,1
Positive100698,TALNCNDSL,1
Positive100797,PLENPSSLF,1
Positive100802,SSLFDLVAR,1
Positive100936,AVVYNNEGT,1
Positive100965,RVEGIFAGL,1
Positive100983,xYPYLKDGK,1
Positive101027,YPSGQGFFQ,1
Positive101047,KLIPNASLI,1
Positive101052,ASLIENCTK,1
Positive101082,KTTKQSFDL,1
Positive101093,KAQYKKNKH,1
Positive101105,EDEKRRWGQ,1
Positive101108,KRRWGQRDN,1
Positive101143,WEDSTSTLT,1
Positive101181,PDHIKVWDY,1
Positive101191,xFEYSNGGP,1
Positive101234,SVTLVEAYT,1
Positive101241,YTDVFDDTQ,1
Positive101246,DDTQVEMIx,1
Positive101257,STGFTKTCG,1
Positive101262,KTCGGPPCN,1
Positive101282,ILIEMFNKY,1
Positive101285,EMFNKYNSE,1
Positive101291,NSEILNNII,1
Positive101303,IMQTTCPCG,1
Positive101316,VKGVQRPFT,1
Positive101408,xYGCDVGPD,1
Positive101415,PDGRLLRGH,1
Positive101464,MAPISLQVV,1
Positive101469,LQVVHVETH,1
Positive101480,xxTKTVNEN,1
Positive101488,NKQNVDAKV,1
Positive101500,ETNKNPTSH,1
Positive101505,PTSHSNSTT,1
Positive101510,NSTTTSLNN,1
Positive101519,xNQMHMLSN,1
Positive101522,MHMLSNKSx,1
Positive101566,PEVADPGGP,1
Positive101580,RYRLPTTSI,1
Positive101599,PNGKHNDKH,1
Positive101604,NDKHTYVEC,1
Positive101644,AEVSYVHVN,1
Positive101650,HVNGAKFIx,1
Positive101668,xAIMMLVGR,1
Positive101674,VGRRLVPWI,1
Positive101683,xTTKARATS,1
Positive101726,KVAAEQSLI,1
Positive101748,ISSTNEIGL,1
Positive101762,FQYNAVGPY,1
Positive101769,PYLNINFFD,1
Positive101781,ERASRVKAR,1
Positive101874,xKLESHKFD,1
Positive101882,xWHYSIVAR,1
Positive101888,VARYFHNGG,1
Positive101918,LKKEKINIR,1
Positive101923,INIRVLDPF,1
Positive101949,RVVERHQSA,1
Positive102009,LLRYSKLYR,1
Positive102020,RSRQIDLQI,1
Positive102052,NKKKNPEKP,1
Positive102172,GCVAGDEES,1
Positive102187,LVEKPNLSS,1
Positive102201,xIWKVNPTV,1
Positive102236,EPVLGPVRG,1
Positive102266,TEVDARLSF,1
Positive102288,KVHPNGIRL,1
Positive102297,GIVKPWNST,1
Positive102385,SSGCPERMA,1
Positive102411,ISCDKFLDD,1
Positive102421,FSPSLEHPI,1
Positive102426,EHPIVVSGS,1
Positive102444,VDDPRSEED,1
Positive102495,DPDGKFVIS,1
Positive102510,VYYAGLNYK,1
Positive102560,YLINVIHAF,1
Positive102574,LATKAARKS,1
Positive102609,HPQPEDPDT,1
Positive102621,LEPGVVAEK,1
Positive102627,AEKVRNLPA,1
Positive102658,ATLKRTHDW,1
Positive102664,HDWDPLHSP,1
Positive102685,KNPTKRRIT,1
Positive102728,VPASYDSRQ,1
Positive102735,RQGFNGTFT,1
Positive102740,GTFTVGPYI,1
Positive102773,xAAPYIEQA,1
Positive102788,AFSFEAQGG,1
Positive102799,GYQPYRVVV,1
Positive102840,xTNSDMTIN,1
Positive102845,MTINTCLIE,1
Positive102850,CLIEQCHVS,1
Positive102860,xLTGISICN,1
Positive102882,VNNTDTNFH,1
Positive102903,HKSAIVTLT,1
Positive102908,VTLTYDSEW,1
Positive102912,YDSEWQRDQ,1
Positive102927,xxRYLSQLC,1
Positive102972,xDVSERLQM,1
Positive102976,ERLQMFDDP,1
Positive102989,AYCSTWDAN,1
Positive103008,AEMKSLEEK,1
Positive103023,GREVKAETR,1
Positive103041,EGDQHPGTL,1
Positive103046,PGTLPAANT,1
Positive103056,NVGLKIRQL,1
Positive103078,LFENQNGRI,1
Positive103084,GRIRLLQRF,1
Positive103094,FRGSAQGIE,1
Positive103098,AQGIEGSxx,1
Positive103181,KSEVPLDIC,1
Positive103226,xIASGLSQE,1
Positive103268,EVEFTFAVD,1
Positive103305,YNHYFAWEI,1
Positive103311,WEIGGGAPT,1
Positive103317,APTYKPENN,1
Positive103339,EEEDGAGAE,1
Positive103370,PAETPYVSS,1
Positive103383,YFSIFNTEL,1
Positive103420,TYGIVLLSG,1
Positive103509,NFTETDIKI,1
Positive103524,GPRPPSRSQ,1
Positive103569,xxRPWLVHP,1
Positive103574,LVHPRHRYx,1
Positive103605,IGALKQELA,1
Positive103696,xRSFPSYYT,1
Positive103701,SYYTSHVQE,1
Positive103705,SHVQEEQxx,1
Positive103728,WPACYCYGL,1
Positive103752,EDVRKQPYN,1
Positive103764,xAYIGLKDR,1
Positive103769,LKDRKRPSE,1
Positive103775,PSELRRIAS,1
Positive103784,TLLAGAYTI,1
Positive103803,FRANTANPD,1
Positive103877,RTIGYTVKA,1
Positive103909,xANEEIRKR,1
Positive103925,PSSSLSIGS,1
Positive103930,SIGSIISKS,1
Positive103967,YWEVDVTGK,1
Positive103973,TGKEAWDLG,1
Positive103986,SNELNHILL,1
Positive103989,LNHILLEND,1
Positive103999,xAPDDSFKK,1
Positive104005,FKKLEDRFT,1
Positive104019,DQQQQPTQG,1
Positive104031,GRFTISRDN,1
Positive104054,HRRTDNDST,1
Positive104075,EEKNATAKT,1
Positive104080,TAKTFGLKQ,1
Positive104083,TFGLKQDWD,1
Positive104117,xVLVLFGFF,1
Positive104122,FGFFTLSPW,1
Positive104147,xVAFIAIMM,1
Positive104212,FFRNISGNM,1
Positive104217,SGNMKAFTx,1
Positive104230,GGYFVVGYN,1
Positive104239,xFMVFLQTH,1
Positive104270,SAAWDETLL,1
Positive104300,GEAVLPEEQ,1
Positive104377,xSICGNNQL,1
Positive104382,NNQLCKSIC,1
Positive104406,xVMPSPKVS,1
Positive104450,GLYHNKNxx,1
Positive104458,NTLPRSNTS,1
Positive104579,GRKFSDPVV,1
Positive104582,FSDPVVQSD,1
Positive104597,SLTPEQWKS,1
Positive104606,xPSNSASVP,1
Positive104646,YDASVHGQI,1
Positive104662,ATAAAGGYK,1
Positive104670,xxANDHLSI,1
Positive104676,LSILEAWSD,1
Positive104679,LEAWSDNDT,1
Positive104685,NDTPYLHDx,1
Positive104716,DDSATGLAF,1
Positive104778,RELVLAGTI,1
Positive104790,KPAIRRLAR,1
Positive104817,LDGSKNEWG,1
Positive104822,NEWGWSKSK,1
Positive104830,xEQGMQLAE,1
Positive104857,ANNAKNTEI,1
Positive104862,NTEIAAANE,1
Positive104885,SPTTLRTEV,1
Positive104901,xLTLWTTPA,1
Positive104939,VLHSDYCIV,1
Positive104944,YCIVPNKGG,1
Positive104970,LNEEQDKRF,1
Positive104975,DKRFLCKHS,1
Positive105000,KAESSTISx,1
Positive105011,WYDFLPDQA,1
Positive105031,SVTFKFGEE,1
Positive105041,DEKTSDGRS,1
Positive105070,YVFYSGNGP,1
Positive105075,GNGPKASGG,1
Positive105094,LTELEQSAT,1
Positive105099,QSATVMKSx,1
Positive105107,PVYGFQWRH,1
Positive105125,NALMDGASQ,1
Positive105151,STLGVKSAR,1
Positive105175,ALMEWLKTR,1
Positive105200,xPPKVVNYE,1
Positive105250,xIPLGDLFK,1
Positive105309,xIHDLVSEY,1
Positive105314,VSEYQQFQD,1
Positive105415,xxNYARTGG,1
Positive105467,DQQTQIAKD,1
Positive105481,VHWNKKKYS,1
Positive105489,SSYEEAKKH,1
Positive105500,APGGMELSD,1
Positive105540,xLLSNVSPE,1
Positive105556,IFFYDPITG,1
Positive105587,xNSREESLG,1
Positive105611,xCSVMHEGx,1
Positive105656,xTNCYKKRW,1
Positive105674,KEAWLDSTK,1
Positive105685,IDCCEICCN,1
Positive105710,ATKWSKEYC,1
Positive105744,IPFWGGSTI,1
Positive105767,EAYIYFGPV,1
Positive105809,xGVEVTLAE,1
Positive105830,STRRSQQTI,1
Positive105842,xxSYAIAWH,1
Positive105870,KDLKESMKC,1
Positive105928,xxVTGHWRC,1
Positive105938,NRDSANGFI,1
Positive105969,ADKPDESTL,1
Positive105978,SPEMKEHYD,1
Positive105992,LIAYLKKAT,1
Positive106010,DQAWKDVNP,1
Positive106078,VAPSVEESV,1
Positive106132,KVSISPESD,1
Positive106190,VAKCNEKHD,1
Positive106213,IGTVSVFAG,1
Positive106294,LKKPADDAN,1
Positive106340,PIYDINYYT,1
Positive106373,VSAFTSSND,1
Positive106411,DRDGGADGM,1
Positive106453,GESRPVADN,1
Positive106461,xMASENKQR,1
Positive106537,GFKYFAPAN,1
Positive106557,DHAMVPLEE,1
Positive106577,NKPYWLQRA,1
Positive106588,xVTYGKNQV,1
Positive106594,NQVIMLLYP,1
Positive106632,MVTYDCEPR,1
Positive106688,PNQFALPDR,1
Positive106699,ENAKEKPQE,1
Positive106726,xxRHFFNRS,1
Positive106759,VEQARSFVE,1
Positive106781,IPGEGCNGD,1
Positive106805,RAAYDQYGH,1
Positive106810,QYGHAAFEx,1
Positive106831,xxKFAWAID,1
Positive106840,MADEDYEFx,1
Positive106886,HRKVLRDNI,1
Positive106903,TSLNLQKDE,1
Positive106951,xVETGHTSQ,1
Positive106975,LIHVLHGLY,1
Positive106978,VLHGLYGMQ,1
Positive107009,xVQYSRADE,1
Positive107072,xVSTQSAKN,1
Positive107079,KNPPGATVP,1
Positive107126,DNKTFLVWC,1
Positive107129,TFLVWCNEE,1
Positive107152,DATLDDIKE,1
Positive107173,ALDAHYDSV,1
Positive107211,EDSITIPYQ,1
Positive107227,HGRGTCNYY,1
Positive107241,NGGVMKEKD,1
Positive107272,DPSKMRDID,1
Positive107278,DIDRHHEYN,1
Positive107283,HEYNVREGN,1
Positive107294,EWVKFAKPC,1
Positive107314,TENPWQGNA,1
Positive107361,DNANPDADS,1
Positive107368,DSESNGEPN,1
Positive107410,xNICNISCD,1
Positive107425,xDIHTRSGD,1
Positive107430,RSGDEQQFR,1
Positive107440,MKTFLILAL,1
Positive107451,IVATTATTA,1
Positive107576,LFKHLFGGY,1
Positive107581,FGGYNRWAR,1
Positive107614,KAGHVLSDA,1
Positive107627,FFRMVISNP,1
Positive107636,AATQSDIDF,1
Positive107650,GVDANTGNV,1
Positive107681,TYHGIPCDC,1
Positive107723,xNCRDPCCD,1
Positive107729,CCDAASCKL,1
Positive107742,KSQYLNNGP,1
Positive107751,QRIGRKYKK,1
Positive107759,xYIKNIINT,1
Positive107765,INTSILNLR,1
Positive107770,LNLRYESNH,1
Positive107794,RDVKDNKST,1
Positive107837,YKETDLLIL,1
Positive107842,LLILFKDDY,1
Positive107855,NIREEMRRL,1
Positive107858,EEMRRLQRx,1
Positive107897,YYFDEKGIM,1
Positive107908,PPFLQPEVM,1
Positive107958,xGEECDCGS,1
Positive107963,DCGSPENCQ,1
Positive107987,EEFVVEFDL,1
Positive108011,NRECISMDY,1
Positive108017,MDYKQTQLC,1
Positive108078,GKDEYEAKQ,1
Positive108100,ELSATGNES,1
Positive108146,FRAVTELGR,1
Positive108201,MQKGFVSIN,1
Positive108205,FVSINDNKH,1
Positive108212,KHYFDDSGx,1
Positive108230,TWGENETDV,1
Positive108235,ETDVLLLNN,1
Positive108248,xALDNADID,1
Positive108291,xRCGLQELG,1
Positive108326,xPNTLEGNx,1
Positive108359,HVPFCFGKx,1
Positive108367,LKNGVIIKS,1
Positive108375,xxSVSEIQL,1
Positive108380,EIQLMHNLG,1
Positive108389,VYKDPARPx,1
Positive108404,NSQCIRWVT,1
Positive108410,WVTPPTQIV,1
Positive108453,ASAIHWSGI,1
Positive108465,xGRSTNEIE,1
Positive108492,AVEQPEKPA,1
Positive108498,KPAAQPKKQ,1
Positive108502,QPKKQQRKG,1
Positive108519,KLKKKSSFx,1
Positive108557,EYDFYRSFP,1
Positive108625,xQQTRANPN,1
Positive108635,YTSRRSVAS,1
Positive108643,xTSVENAQQ,1
Positive108647,ENAQQDKGI,1
Positive108763,MGLIAGAVG,1
Positive108781,SSPVTPTYT,1
Positive108791,AGGSAQSQR,1
Positive108823,RKAHAGNKK,1
Positive108829,NKKAEDLTM,1
Positive108832,AEDLTMDDL,1
Positive108850,KGTDTGQAC,1
Positive108897,KFDVPCGGR,1
Positive108902,CGGRDCSGG,1
Positive108907,CSGGCQCYx,1
Positive108915,RYLTDMTLE,1
Positive108938,NHSQTPRYR,1
Positive108944,RYRRPKFPW,1
Positive108954,xIHQLIENA,1
Positive108977,LKDNRIPSY,1
Positive108985,YGVLSVDLx,1
Positive109002,VDNSNPVVQ,1
Positive109010,xYYSSFVNM,1
Positive109022,LLSSSKYTI,1
Positive109042,MLRAAEEYS,1
Positive109047,EEYSMNLGF,1
Positive109085,SDARQRVAD,1
Positive109115,SQQFSVSEN,1
Positive109133,ISGLFPVSI,1
Positive109156,xWNTHQPRY,1
Positive109178,RSLSDEERM,1
Positive109188,QPIYGSTPV,1
Positive109241,xxQVAALTW,1
Positive109246,ALTWVQTHI,1
Positive109263,QQSEQIIPQ,1
Positive109279,KYKNIGAxx,1
Positive109287,GTLIGQVDR,1
Positive109315,YGEESSRRG,1
Positive109341,xNFNTVRYD,1
Positive109376,EADPLDDAD,1
Positive109379,PLDDADDET,1
Positive109400,LPQFGDEYD,1
Positive109415,VLVNTFCDS,1
Positive109422,DSCIPKTFW,1
Positive109433,xxQGTDYKH,1
Positive109443,RKIFIDTIP,1
Positive109452,xGKTAKSNI,1
Positive109457,KSNIVSQVY,1
Positive109460,IVSQVYLNx,1
Positive109537,VTDQLIGYT,1
Positive109585,ISLWKGFSx,1
Positive109596,EHQMWEAVK,1
Positive109621,DFNPVKDDW,1
Positive109636,AEFPSRGKS,1
Positive109654,DAIGEGKVT,1
Positive109681,NGQSGRMxx,1
Positive109738,xSVQYHPLx,1
Positive109778,DPLVYKRQT,1
Positive109892,xxHPLTCDD,1
Positive109927,TDGNCTCIP,1
Positive109943,GNDITTANQ,1
Positive109949,ANQYDAADI,1
Positive109981,GDMANLTNQ,1
Positive110049,xRPGRPRGE,1
Positive110058,TPGQLLLEI,1
Positive110123,PDDVNKNTL,1
Positive110164,QILQQQYKN,1
Positive110207,xDERQQEPE,1
Positive110211,QQEPEEPVS,1
Positive110223,xYGGFMRFx,1
Positive110258,WGPCGQGAI,1
Positive110264,GAILLVNCD,1
Positive110339,QKQEKKRLK,1
Positive110397,VVKKMVGET,1
Positive110416,YDGSVVAIN,1
Positive110453,xKLRNTDGE,1
Positive110476,PPYEPLPEN,1
Positive110492,LLKYDTAHR,1
Positive110569,NINLHFSKC,1
Positive110591,KMDKKYSAH,1
Positive110596,YSAHKMKCT,1
Positive110599,HKMKCTEVx,1
Positive110633,xxKLDVVKL,1
Positive110638,VVKLLYNEQ,1
Positive110643,YNEQFAVQG,1
Positive110730,GVSWTMKIL,1
Positive110749,FKTTDVLWF,1
Positive110754,VLWFNFTTG,1
Positive110791,xKNGICVSS,1
Positive110794,GICVSSDQN,1
Positive110804,TTSLTEENF,1
Positive110886,xDNIGNANI,1
Positive110908,xVMIKSLPA,1
Positive110915,PALNSPTVE,1
Positive110925,EEEDQPRPD,1
Positive110999,TAPENEQTS,1
Positive111040,NTIRSNGKC,1
Positive111086,xNMGDELRL,1
Positive111098,SYDVNRTEK,1
Positive111130,GNEEDERNL,1
Positive111171,GHLFTRTHD,1
Positive111182,NLIESEHSN,1
Positive111185,ESEHSNNNN,1
Positive111221,xxQYPALTA,1
Positive111256,TQETVTTQE,1
Positive111301,LHQPPPQIF,1
Positive111307,QIFLKILPQ,1
Positive111312,ILPQSGPIG,1
Positive111334,SSIRTGVKR,1
Positive111363,xTLGPFYPS,1
Positive111415,GTSSQTHDA,1
Positive111420,THDAIRRKD,1
Positive111431,IYFMQRQDV,1
Positive111436,RQDVLDKNH,1
Positive111507,RRIRMKHGT,1
Positive111562,KEGKDVLVC,1
Positive111576,IPGGISTPI,1
Positive111651,KNVSNVDSK,1
Positive111659,KTKSNEKGR,1
Positive111684,xNNTRKSIH,1
Positive111698,AFYATGDII,1
Positive111716,xFAIVHMTK,1
Positive111742,AINLDKAQQ,1
Positive111769,LDGDNLFPK,1
Positive111859,SHVRVNVYL,1
Positive111868,SAINLECFA,1
Positive111893,EYKVQFATK,1
Positive111912,KKLLVRGLY,1
Positive111917,RGLYRISFT,1
Positive111953,xVGGGNSKN,1
Positive112007,ITRVESETK,1
Positive112021,SSFLGKWKL,1
Positive112074,QTDALQSEE,1
Positive112121,xTRCAQCHT,1
Positive112192,ANVYHQINH,1
Positive112207,KIVLQKYHT,1
Positive112213,YHTINGHNA,1
Positive112245,QQQQILQQI,1
Positive112321,FLVHLFEDA,1
Positive112335,SAEEEKLPI,1
Positive112354,xxKINSLSx,1
Positive112423,xWSHNFTNM,1
Positive112490,TCRRMLAFL,1
Positive112493,RMLAFLKDK,1
Positive112504,xPGYRSISG,1
Positive112513,PDPRIRKTx,1
Positive112531,RVTAAQGRI,1
Positive112587,TGDTTPSAY,1
Positive112629,GRVRVNSAY,1
Positive112677,QHARQQDKE,1
Positive112733,FFTPKESEQ,1
Positive112740,EQLKVIKTF,1
Positive112769,EEGRNESSS,1
Positive112774,ESSSNDMDC,1
Positive112787,xxRIGYFGH,1
Positive112799,KTLAGPKGP,1
Positive112810,xMSTLNTHG,1
Positive112879,QPAVQASWP,1
Positive112890,GRPPHHPYD,1
Positive112936,GKAMYAPPI,1
Positive112977,xREEFRHEA,1
Positive112987,DSSDRPRVY,1
Positive112998,xKRYISWCL,1
Positive113003,SWCLWWLQY,1
Positive113121,LIKDLQDVA,1
Positive113142,RPTARRWGK,1
Positive113148,WGKCGPLCT,1
Positive113160,xETFTETWN,1
Positive113165,ETWNRFITH,1
Positive113179,AATDAEEPR,1
Positive113220,xRDQFIATL,1
Positive113285,IYSEKEKSN,1
Positive113289,KEKSNINID,1
Positive113321,VREDENNPF,1
Positive113326,NNPFYFRSS,1
Positive113338,MQADLEVMT,1
Positive113376,VCLISDFYP,1
Positive113415,DFWGDYLQY,1
Positive113431,SENEEIFVE,1
Positive113471,LVILPGQDL,1
Positive113553,RQKAAGINY,1
Positive113576,xRTCAVHIT,1
Positive113583,ITLDPDTAN,1
Positive113626,RTITADTFR,1
Positive113633,FRKLFRVYS,1
Positive113638,RVYSNFLRx,1
Positive113646,ALRMEVLGC,1
Positive113651,VLGCEAQDL,1
Positive113676,YVDISLDAG,1
Positive113685,QYVLVMKAN,1
Positive113713,DTSNKFADF,1
Positive113725,KEVDRLMSx,1
Positive113759,QVLNKWTLG,1
Positive113817,xQFGGHNSV,1
Positive113831,xYHTLTATI,1
Positive113877,xISSVSAFT,1
Positive113887,xFYNLSKVT,1
Positive113894,VTHIEIRNT,1
Positive113917,xTHTPLPRG,1
Positive113962,PISIADRDF,1
Positive113989,KLYKMLTEI,1
Positive113993,MLTEIYTED,1
Positive114003,xxNGKRVSL,1
Positive114011,LSVYLGEFF,1
Positive114054,DKLVIEMET,1
Positive114081,QRMSNASGG,1
Positive114086,ASGGGGGGM,1
Positive114090,GGGGMRQNE,1
Positive114155,TRKEEKQRN,1
Positive114166,LSDKYKNKN,1
Positive114185,MFGEVKYFF,1
Positive114190,KYFFERDPx,1
Positive114236,EQGSIQSNP,1
Positive114260,KPGPPPMGF,1
Positive114266,MGFHSPLIK,1
Positive114276,IFTNSRGKR,1
Positive114307,QGWGDPPKS,1
Positive114323,DKILDLYKH,1
Positive114326,LDLYKHPDN,1
Positive114339,xQVMRQQCC,1
Positive114351,AQIPQQLQC,1
Positive114369,xHPKYAGQG,1
Positive114463,xTAPTKPTY,1
Positive114503,xGDPIADMI,1
Positive114506,PIADMIDQT,1
Positive114509,DMIDQTVNN,1
Positive114638,FGSSSTSGI,1
Positive114689,HELAHQWFx,1
Positive114710,QNLRQCQEY,1
Positive114818,LPQEWVLHF,1
Positive114826,FYQEAAPAQ,1
Positive114902,xVTEKDSPV,1
Positive114909,PVNIEAEPP,1
Positive114950,KKICKMEKC,1
Positive114960,SVFNVVNSx,1
Positive114990,SPEQLFAAY,1
Positive115017,PVPNRSTKG,1
Positive115091,xxMHEAEEW,1
Positive115124,LTSDSNIRE,1
Positive115139,GINYWLAHK,1
Positive115147,xDIQDQQPD,1
Positive115182,EYETDPSVT,1
Positive115310,xxNTTDMMI,1
Positive115316,MMIFDLIHN,1
Positive115329,MAINPSKEN,1
Positive115362,PTADSPLTA,1
Positive115426,FRGETKTFN,1
Positive115448,VFETALKKA,1
Positive115513,IIDPWIMNx,1
Positive115521,WRSTRDAFI,1
Positive115534,ERLGPLVEQ,1
Positive115597,xVSELITKA,1
Positive115718,SLRGLPVCA,1
Positive115729,xLGTQQNAA,1
Positive115745,xGKLGLITN,1
Positive115786,xxAENPTNY,1
Positive115843,xLVFEAPNQ,1
Positive115848,APNQEKVSD,1
Positive115874,xLGVLEDNK,1
Positive115884,VVRGDYTAC,1
Positive115958,KRELSHTRK,1
Positive116003,KQIVERILE,1
Positive116015,SSAFKAPRP,1
Positive116031,xRVGAHDPx,1
Positive116048,CQRHSPDCS,1
Positive116147,HYHQYCITS,1
Positive116177,LNAGYKKCD,1
Positive116183,KCDEYIEAL,1
Positive116194,QANDAGKKL,1
Positive116250,PGQKACDDV,1
Positive116261,IIGREILDS,1
Positive116290,VYLVGGPEL,1
Positive116308,RNGSRLHFN,1
Positive116318,MQCLANGPG,1
Positive116443,AISDAQITA,1
Positive116448,QITASSYFT,1
Positive116465,NDKLSFSDS,1
Positive116479,PKVKDQHGR,1
Positive116489,TGTIINQDP,1
Positive116508,INASDWPSM,1
Positive116519,SRYSKKFKP,1
Positive116534,LLKRYSEMD,1
Positive116539,SEMDDHYEC,1
Positive116565,PLEPFPTQI,1
Positive116569,FPTQIHKDY,1
Positive116579,MSFVPGQEN,1
Positive116623,xAYDFLYNY,1
Positive116643,RHKIVNVDQ,1
Positive116648,NVDQRQYGD,1
Positive116715,KEKVTIQNx,1
Positive116721,xxNYQFVDC,1
Positive116749,PIYSEGSLx,1
Positive116804,SWRNNILRT,1
Positive116837,HIPYKISAS,1
Positive116870,xGAARQPDx,1
Positive116897,xEGNTDERG,1
Positive117028,IAETQHGTI,1
Positive117084,xKIFAQRLM,1
Positive117104,ESFDGDPAS,1
Positive117112,SNTAPLQPE,1
Positive117128,PTYSWGAND,1
Positive117149,APVEPSYEA,1
Positive117173,NEVLPPPRK,1
Positive117187,xKDEKIEEI,1
Positive117198,SQADQGSFY,1
Positive117204,SFYVNHQIL,1
Positive117209,HQILFLHLK,1
Positive117217,xSLYPGHVS,1
Positive117231,xKEGILQYC,1
Positive117237,QYCQEVYPE,1
Positive117252,FDDPRNKRG,1
Positive117264,FNLWGPAFH,1
Positive117272,HERYPNVTI,1
Positive117283,MAFAGILND,1
Positive117297,xSTYSMSFT,1
Positive117302,MSFTWSWES,1
Positive117314,IKGSGSTAN,1
Positive117319,STANLASSN,1
Positive117394,APAAGADLD,1
Positive117419,ERAMVRVAx,1
Positive117428,SYPSHCCAF,1
Positive117488,PNNNKILVP,1
Positive117493,ILVPKVSGL,1
Positive117498,VSGLQYRVF,1
Positive117509,SSRPLSEEN,1
Positive117535,xHGPKATLQ,1
Positive117554,KNQCVNFNF,1
Positive117570,SDENYKDPT,1
Positive117621,EDVDIEEMA,1
Positive117626,EEMALKLDN,1
Positive117639,PVIPGINIE,1
Positive117644,INIEQKNAC,1
Positive117661,FKRGIQEET,1
Positive117668,ETGIKPPWA,1
Positive117682,RKRVDVEES,1
Positive117706,NQPYLFKTN,1
Positive117778,xTSGITGDN,1
Positive117785,DNTTTSSEx,1
Positive117793,TGELTMYYW,1
Positive117819,GLSDFLKSQ,1
Positive117832,VWQDEGQRL,1
Positive117879,IESGVQNID,1
Positive117882,GVQNIDDNY,1
Positive117892,xVFRFSFVP,1
Positive117927,SKAKKVKRS,1
Positive117944,ARRGGVKRI,1
Positive117959,QPTQGDTSG,1
Positive117970,MDPNSTSED,1
Positive118029,LRRDQKSLR,1
Positive118044,IVFHTSTEP,1
Positive118095,KSCTWPETH,1
Positive118102,THTLWGDGI,1
Positive118123,xSRERDKER,1
Positive118212,LVLIAVIDH,1
Positive118231,SSYDYILGW,1
Positive118247,DGDVKLSSN,1
Positive118270,PFFFSDVRS,1
Positive118276,VRSNFSKLV,1
Positive118340,GSRGQHQAH,1
Positive118388,xNLADFMKQ,1
Positive118492,MLQEMGREP,1
Positive118526,xNKSTLQNR,1
Positive118544,ERSATISKE,1
Positive118584,xFYEPLVRR,1
Positive118597,PLLWDSVHL,1
Positive118617,xYESIGGSR,1
Positive118645,IENYTDVFD,1
Positive118655,TQVEMIDEV,1
Positive118658,EMIDEVTNx,1
Positive118673,IANGYRDVV,1
Positive118684,xDSIAALKD,1
Positive118690,LKDKPDNPA,1
Positive118700,STKQAAFKA,1
Positive118843,xSNTALARW,1
Positive118888,SWSEAHSSC,1
Positive118894,SSCQMQGGT,1
Positive118907,AVHGERLHL,1
Positive118912,RLHLFCEKD,1
Positive118945,xFDFGLRPS,1
Positive119071,IRAWVAWRA,1
Positive119076,AWRAHCQNR,1
Positive119085,xTYRVDVDG,1
Positive119142,VQTHGESTL,1
Positive119154,LGNLKQIYY,1
Positive119159,QIYYYNEKA,1
Positive119164,NEKAKTENx,1
Positive119179,HLMQKIQRD,1
Positive119223,STVSSALAE,1
Positive119309,GVLTVNGPR,1
Positive119323,QTLWDEIMD,1
Positive119336,xGDNAPNWK,1
Positive119363,VQNKNSSYF,1
Positive119393,DGAAAMRYT,1
Positive119564,KLLKYLEAV,1
Positive119592,NKRGRKQNK,1
Positive119596,RKQNKRGxx,1
Positive119618,PIITTAGPS,1
Positive119676,xxGEHTTTC,1
Positive119710,MLDLEEIAA,1
Positive119755,AQMRRISLF,1
Positive119776,SKDWSFYxx,1
Positive119816,KTSKRQAVP,1
Positive119827,xILTVSVAV,1
Positive119839,KPTEKHIQI,1
Positive119870,NIKDNVGKM,1
Positive119873,DNVGKMEDY,1
Positive119891,NKSGKKGNS,1
Positive119902,xTWTTRGFV,1
Positive119941,DNFFYNVEG,1
Positive119960,TQPLQHHNL,1
Positive119969,xECQEATLM,1
Positive119974,ATLMVMVSK,1
Positive120027,KYYGNGVTC,1
Positive120111,xIEATLHCY,1
Positive120116,LHCYGAYLT,1
Positive120121,AYLTIGKNP,1
Positive120130,xxQCVETDK,1
Positive120141,KQGQHQQQE,1
Positive120150,GQAMIMGIY,1
Positive120171,TIKVVGGYQ,1
Positive120176,GGYQVNIRV,1
Positive120179,QVNIRVGDT,1
Positive120199,xYDEPVAPG,1
Positive120209,NPVCGTDGV,1
Positive120267,xAINPESDQ,1
Positive120281,xPFMLAQFD,1
Positive120347,VAFKGVWTQ,1
Positive120352,VWTQAFWKA,1
Positive120362,EDDWASDYD,1
Positive120409,GFTSVQGYA,1
Positive120415,GYAFNGTKL,1
Positive120448,YIGEVLVSV,1
Positive120467,EIKYNGEEY,1
Positive120478,GEYLTQKYF,1
Positive120483,QKYFNSQRN,1
Positive120530,IILYYYELY,1
Positive120568,GAEIEIIAE,1
Positive120575,AEVHPPPVY,1
Positive120587,xNVFQTQAG,1
Positive120592,TQAGCLIGA,1
Positive120622,SIPCRFDFP,1
Positive120646,MVAQINAVN,1
Positive120708,xKQTGLDAK,1
Positive120732,IDKQELTKY,1
Positive120777,QATLITSPF,1
Positive120782,TSPFTFSYI,1
Positive120785,FTFSYIRED,1
Positive120816,VPLYSSKSA,1
Positive120836,SATMSGVTT,1
Positive120851,DGSESPTDQ,1
Positive120854,ESPTDQETx,1
Positive120879,QILDILVSR,1
Positive120896,LEVSEEKAN,1
Positive120910,YGVKRLEDF,1
Positive120964,xLEEMKSVM,1
Positive120970,SVMKERDNL,1
Positive121023,SDSIKKHVL,1
Positive121038,LKNKYEVAG,1
Positive121050,ALATYQSEY,1
Positive121087,IDIISGAHW,1
Positive121092,GAHWGVMFG,1
Positive121127,xLQAMRKYS,1
Positive121136,PFRNGYMEP,1
Positive121152,KEYRQKIDA,1
Positive121183,VILKNAIVY,1
Positive121189,IVYNSMYEN,1
Positive121200,xCKEDYRYA,1
Positive121239,RIHPFHVLI,1
Positive121246,LIALETYRA,1
Positive121267,VEGTDAAGR,1
Positive121274,GRRVTNTKV,1
Positive121328,IPYIISYLH,1
Positive121335,LHPGNTILH,1
Positive121376,xSSSWETME,1
Positive121381,ETMEKGEIK,1
Positive121393,RPLELRVRV,1
Positive121404,xIGQMFETT,1
Positive121435,TLSKNISKS,1
Positive121452,xIPCTTYQQ,1
Positive121457,TYQQTTAET,1
Positive121473,RGIHVDIII,1
Positive121478,DIIIDRSHS,1
Positive121594,xAEQQWALY,1
Positive121603,ADGSIRPQx,1
Positive121611,NQAQVQRYV,1
Positive121617,RYVACHTEG,1
Positive121642,GPANLRNLK,1
Positive121710,DNTIFIDLN,1
Positive121715,IDLNCPRCE,1
Positive121723,xMFVYGGCQ,1
Positive121727,YGGCQGNNN,1
Positive121744,RSLWVEVDL,1
Positive121772,DIPHVNEFS,1
Positive121792,xRRSMANEG,1
Positive121816,EAREGTQGE,1
Positive121828,GGHSHDSGH,1
Positive121858,VIICGEGTx,1
Positive121865,xVDPDNEAY,1
Positive121875,xELNVPGEI,1
Positive121885,xIHNDVEAW,1
Positive121891,EAWMDRYKY,1
Positive121913,LSTGLIHLH,1
Positive121934,KRNEKFYEC,1
Positive121942,xKCKNDGWA,1
Positive121973,NLDLTNITH,1
Positive121976,LTNITHVEx,1
Positive121984,WTQEPQPLE,1
Positive121989,QPLEEKWQH,1
Positive121994,KWQHRVVEQ,1
Positive122028,GLEIGKDIT,1
Positive122037,ADNKPIYAD,1
Positive122049,SGKPLDERA,1
Positive122108,GADVRHEIP,1
Positive122135,xxDLWSYNA,1
Positive122157,VKHFSPEDL,1
Positive122176,xNKPVTDNP,1
Positive122181,TDNPVTDRL,1
Positive122224,TDGVCFPHH,1
Positive122290,NTPGQFEDF,1
Positive122309,VVSHFNDxx,1
Positive122340,SVHRTPSRQ,1
Positive122406,NQEAAKEEY,1
Positive122411,KEEYEHKQK,1
Positive122475,xVVTGATVS,1
Positive122483,xSGKLEEFV,1
Positive122513,RNLTYIDPD,1
Positive122520,PDALKELPL,1
Positive122535,GHRYQGIKx,1
Positive122546,REKVSPAVF,1
Positive122558,EGQEQEGEx,1
Positive122605,GDDPDHDPD,1
Positive122610,HDPDHPHDL,1
Positive122622,LVLQTLPSM,1
Positive122627,LPSMCNVYV,1
Positive122632,NVYVPPECS,1
Positive122655,ESFTVQRRV,1
Positive122668,SAVILDDNF,1
Positive122682,AVDTYCRHN,1
Positive122722,MPRARYGLV,1
Positive122735,ALYMLSTRG,1
Positive122745,TMPTMGTQN,1
Positive122750,GTQNTDGYA,1
Positive122762,GETIYDIDE,1
Positive122780,SQDGNNHQF,1
Positive122789,xDFVYMSPF,1
Positive122795,SPFYGYREG,1
Positive122800,YREGSHTEH,1
Positive122894,LEFFTYSRF,1
Positive122903,DMELTFVVT,1
Positive122906,LTFVVTANx,1
Positive122916,ETQNLEGLH,1
Positive122930,NHLITNMAQ,1
Positive122940,xITRTTLQS,1
Positive122964,KDLVMTKPA,1
Positive122976,VKAVTTLLK,1
Positive123007,KTYGNKCNF,1
Positive123029,VSVNDPFID,1
Positive123041,xWSVCVGLT,1
Positive123046,VGLTTYVND,1
Positive123053,NDYVLPYLA,1
Positive123093,LESVCNPIM,1
Positive123100,IMTKMYQSM,1
Positive123116,TAADVEADD,1
Positive123125,xIGFIGFHQ,1
Positive123130,GFHQFNNIA,1
Positive123177,SSEDLHKPG,1
Positive123187,VSVQLPGTN,1
Positive123211,xxIQKAQKI,1
Positive123232,xNKFGFPDT,1
Positive123253,KVTNGSKSY,1
Positive123302,xQYTSIHHG,1
Positive123313,xYPWPLYGN,1
Positive123323,xWDQKLWCR,1
Positive123329,WCRHFCVLA,1
Positive123380,IPDPPQPDF,1
Positive123390,QLNSDWVPS,1
Positive123422,xRVTSWLGR,1
Positive123480,INEESLDRA,1
Positive123508,xIRHQRSQT,1
Positive123528,TEQYKFQxx,1
Positive123593,CKGTAPFGV,1
Positive123737,VETLTKNGW,1
Positive123784,TRALPTSVV,1
Positive123806,EEALIQKRS,1
Positive123819,QGLLHKLQN,1
Positive123822,LHKLQNDSD,1
Positive123827,NDSDCGTWI,1
Positive123842,VVCTTAAGN,1
Positive123858,SIAMNNIDx,1
Positive123897,AGTAAQAAV,1
Positive123901,AQAAVVRFQ,1
Positive123955,NFKYNYSVI,1
Positive123998,LELRDNDKT,1
Positive124003,NDKTRYMGK,1
Positive124047,GDYVRPAYI,1
Positive124073,SQEIVQDGS,1
Positive124155,QYGECLGDI,1
Positive124227,xxGVENGVK,1
Positive124235,KYWLIANSW,1
Positive124249,QHSTPPKKK,1
Positive124305,xICHVPPET,1
Positive124310,PPETRQSEH,1
Positive124342,AIHSDLSYW,1
Positive124347,LSYWIESRL,1
Positive124357,APSQKGNEM,1
Positive124363,NEMNHFSNW,1
Positive124422,PFYSNVTGF,1
Positive124447,xYDTRCFDS,1
Positive124520,IVVGKAATF,1
Positive124551,GKDQDGDQA,1
Positive124570,DTFNPVYPY,1
Positive124607,KRVWAQESG,1
Positive124637,YKKGEGNTC,1
Positive124644,TCVENNNPT,1
Positive124733,xFKRELRNL,1
Positive124785,VRMFGHSPR,1
Positive124804,PITYAEPDS,1
Positive124818,EIANAHRKP,1
Positive124830,TLNKDQLLS,1
Positive124851,DQSTDYGIF,1
Positive124857,GIFQINSRx,1
Positive124864,xQSEGATNF,1
Positive124891,VQQNQSRGK,1
Positive124895,QSRGKGPGK,1
Positive124919,LWNECAKAC,1
Positive124949,FDSSNPEYF,1
Positive125055,xxQTCSPLR,1
Positive125062,LRVNHAVLA,1
Positive125092,DSDSESDSD,1
Positive125115,LEGNDSDND,1
Positive125186,IKPGSANKP,1
Positive125198,LDYENDIEx,1
Positive125214,KQMWPAESR,1
Positive125245,SLESNGGAK,1
Positive125306,DKVEAEVQI,1
Positive125322,PICLDPFVE,1
Positive125348,PLVDILILP,1
Positive125365,NILKNEGDL,1
Positive125473,TLRITYLTx,1
Positive125614,GNSARYGNN,1
Positive125649,KNKELDSRV,1
Positive125780,xLDNKYAGK,1
Positive125801,PLITHGSGM,1
Positive125830,TTVNGGTVH,1
Positive125841,ASSHILALN,1
Positive125846,LALNYAHWH,1
Positive125898,ELIDIGGNR,1
Positive125903,GGNRRIFGF,1
Positive125930,xKFFNSNKK,1
Positive125996,LKSEMEQRL,1
Positive126018,VTEQIIEEL,1
Positive126031,EYDHVLSAK,1
Positive126115,xTLRGVTSF,1
Positive126136,ACKQNVSSL,1
Positive126216,NSFTSAFLE,1
Positive126267,KKFDEVVKA,1
Positive126272,VVKANGGYL,1
Positive126281,PKRECHFFN,1
Positive126287,FFNGTERVR,1
Positive126296,MKIRLHTLL,1
Positive126307,LTAAPLLLA,1
Positive126381,KRPGEDKVR,1
Positive126386,DKVRPACQH,1
Positive126443,TLDIRMMNI,1
Positive126448,MMNIEATNL,1
Positive126512,QVNVNPFDY,1
Positive126540,EAGMVSFYN,1
Positive126551,CPYVSYGKF,1
Positive126561,IKPDGSIST,1
Positive126570,IGFASKSAD,1
Positive126586,NFNCEVWSN,1
Positive126591,VWSNVSETI,1
Positive126596,SETISGPRL,1
Positive126607,GYEFLLAND,1
Positive126629,KAKDVEGIG,1
Positive126634,EGIGDVDLV,1
Positive126646,NGQGHNMPN,1
Positive126664,xSTHTMPQW,1
Positive126683,xFWAGDLLH,1
Positive126719,RELERFAVN,1
Positive126748,EMPENYAKT,1
Positive126776,xVSGFISFF,1
Positive126784,FKNPFGGMx,1
Positive126838,TVEIRKQNM,1
Positive126844,QNMTEFMEL,1
Positive126849,FMELWSQxx,1
Positive126891,MGQNLSTSN,1
Positive126938,WTGPKPEAN,1
Positive126995,RMMATKDSF,1
Positive127071,GRILDWHVA,1
Positive127074,LDWHVANTD,1
Positive127093,PEAKREAIx,1
Positive127103,RAIDSQNMT,1
Positive127110,MTKAAQSLN,1
Positive127123,TCPKEIPKG,1
Positive127171,GLHECGNSM,1
Positive127179,MQVTDDALx,1
Positive127221,GSSEPCALC,1
Positive127229,CSLHSIGKI,1
Positive127264,LNYIDENKL,1
Positive127269,ENKLYLIGS,1
Positive127304,xKRNQIVLT,1
Positive127308,QIVLTNDKG,1
Positive127324,YDSRTGFFA,1
Positive127379,xTTVNAHQI,1
Positive127430,LIVPEGART,1
Positive127443,YLASLHKKA,1
Positive127514,DDFFVGRVx,1
Positive127524,VTVMLNKRL,1
Positive127560,PVALINNxx,1
Positive127595,SPVFTDNSS,1
Positive127620,SDMYGLIVA,1
Positive127626,IVAQWLSTV,1
Positive127641,YNINSTIVR,1
Positive127646,TIVRSMKDL,1
Positive127702,KSAAGTASH,1
Positive127736,xDFNGSFDM,1
Positive127790,xPASQDMPT,1
Positive127825,VERVLQDAK,1
Positive127832,AKMDKRAVx,1
Positive127839,xEDHAGTYG,1
Positive127875,PQDEQQDQD,1
Positive127926,xEQIYRVDL,1
Positive127950,xEWEDTYGI,1
Positive127986,xxPEKTPLP,1
Positive127991,TPLPVSATA,1
Positive127997,ATAMAPSVD,1
Positive128025,VSSAPPTRV,1
Positive128041,xHKVNSQVE,1
Positive128046,SQVEAGSKA,1
Positive128063,IRRETIAAE,1
Positive128074,FDWNTPDxx,1
Positive128104,QGVVNLVKY,1
Positive128135,QSGLSIVMP,1
Positive128160,GILRVTAED,1
Positive128176,VIVREIVGD,1
Positive128196,DERFFSDxx,1
Positive128219,xTRAEGLYS,1
Positive128241,QDMRNTIMA,1
Positive128310,xASKSADDV,1
Positive128343,xSLAMAASD,1
Positive128386,KSNVVRGWV,1
Positive128411,LDDTNHERE,1
Positive128459,xLYEGQFHS,1
Positive128467,xVNSDTVGW,1
Positive128472,TVGWSWPDG,1
Positive128480,GAELPFTID,1
Positive128569,xFLPYPYYA,1
Positive128698,VVQAEQLNW,1
Positive128759,VNPFVSVAT,1
Positive128804,NVVLKTITE,1
Positive128943,ELNQQRDDI,1
Positive128977,xMKRSGYGQ,1
Positive129027,GIIKDAPPG,1
Positive129032,APPGAGFIY,1
Positive129037,GFIYRETFC,1
Positive129046,EQSRDGSRH,1
Positive129075,LDKTIDWFH,1
Positive129079,IDWFHPNNK,1
Positive129227,IQWVGDPHR,1
Positive129241,xxVDMRGDC,1
Positive129254,xVCEHCDxx,1
Positive129261,GIQPTWVPF,1
Positive129295,ADHSLLSIH,1
Positive129300,LSIHSAKVK,1
Positive129309,RDVVLQQHN,1
Positive129406,TTVEPILDx,1
Positive129414,SAGALQLLV,1
Positive129456,xVVLEGGID,1
Positive129541,xPGFTVMAA,1
Positive129572,xAVGPGRWD,1
Positive129588,SRQSQIESR,1
Positive129605,xPCSLKCPY,1
Positive129611,CPYLGCQSW,1
Positive129616,CQSWTCPYT,1
Positive129628,xLEPYISRC,1
Positive129699,DLEKRHVLG,1
Positive129729,SERVQLLHS,1
Positive129737,SQNTSLINQ,1
Positive129747,TLQNQGAWP,1
Positive129760,GQQAVEVWQ,1
Positive129765,EVWQGLALL,1
Positive129800,AVRYVGATT,1
Positive129805,GATTASIRS,1
Positive129817,TRVSAEQWG,1
Positive129829,VELSLRSSD,1
Positive129839,xITYKVMRE,1
Positive129852,AYFVNGTAx,1
Positive129880,ADAGAFLRH,1
Positive129955,KPFRFHPEH,1
Positive129960,HPEHFLDAQ,1
Positive129965,LDAQGHFVK,1
Positive129994,LDKAREGRT,1
Positive130022,xDLNYMVYM,1
Positive130029,YMFQYDSTH,1
Positive130044,GGRLNGSGQ,1
Positive130058,xMNALVNST,1
Positive130063,VNSTLLETR,1
Positive130082,xFYNQKFKG,1
Positive130099,SSKAALTSK,1
Positive130137,TNGIKKILI,1
Positive130194,NCWKPQVLH,1
Positive130230,LDENGDGEV,1
Positive130264,GSENTDNKP,1
Positive130273,xGDTWDDDx,1
Positive130437,LEVDTNPLL,1
Positive130498,xDMMPESGE,1
Positive130506,EKFYPTKYL,1
Positive130551,ADQELGDAP,1
Positive130589,xxEGSNTNS,1
Positive130599,NNKSQSVII,1
Positive130604,SVIIINNST,1
Positive130618,LKISKKPKD,1
Positive130633,EYDLLPFLS,1
Positive130662,GDSSTKNLI,1
Positive130702,xLLMPPKYH,1
Positive130707,PKYHPKEPY,1
Positive130729,TVRYPIHTP,1
Positive130747,xHDYVPYDR,1
Positive130750,YVPYDRGEN,1
Positive130781,DREFLLRVS,1
Positive130796,IPEDPRIID,1
Positive130826,ILKVNISNI,1
Positive131090,FKVRPSFSF,1
Positive131108,KENYIYGTC,1
Positive131119,TASDRTAFP,1
Positive131133,AGPCILRQL,1
Positive131244,HGYELQGRx,1
Positive131250,xxRAALPSH,1
Positive131262,READFAKEV,1
Positive131275,EVQSNYGFV,1
Positive131322,LKYPIEHGI,1
Positive131348,ARGYTFGAC,1
Positive131369,RGTSATHSH,1
Positive131463,SAFEGTCVS,1
Positive131480,RVRKRGYFG,1
Positive131485,GYFGIWSFP,1
Positive131512,MPKTRRRPR,1
Positive131517,RRPRRSQRK,1
Positive131532,RILASYQEG,1
Positive131537,YQEGVLKLS,1
Positive131572,GDSTFESKS,1
Positive131621,DVTKEEYAA,1
Positive131633,xRCHARKAV,1
Positive131638,RKAVAHINS,1
Positive131648,GAKERAHQQ,1
Positive131654,HQQKKHSGF,1
Positive131706,RREEADVRN,1
Positive131751,NEKIERNNK,1
Positive131762,xxDLMMIEE,1
Positive131767,MIEEYPYVV,1
Positive131781,TVSVDLYSR,1
Positive131793,IPPPPRGVP,1
Positive131798,RGVPQIEVT,1
Positive131820,xHEIAWFTE,1
Positive131823,IAWFTERSD,1
Positive131838,xQAQYNQMH,1
Positive131890,xxAMAAWSE,1
Positive131904,SGVLQYLSY,1
Positive132025,LLVFACSAV,1
Positive132030,CSAVPVYIY,1
Positive132038,xVARALAHG,1
Positive132138,SWESGKYTT,1
Positive132160,KEWLEDKGQ,1
Positive132202,NVGILKVVK,1
Positive132236,xxMEESVNQ,1
Positive132242,VNQMQPLNE,1
Positive132280,xVPTEGLEV,1
Positive132368,xVHDSDLEH,1
Positive132384,WTTKILKFI,1
Positive132407,xxYCQTWGS,1
Positive132415,xMHIRLSFN,1
Positive132465,LEIPDVGNL,1
Positive132470,VGNLSQVVV,1
Positive132482,GGFYEPLxx,1
Positive132567,xQGILFLQW,1
Positive132573,LQWVRDIID,1
Positive132583,xSIFYTYGT,1
Positive132603,xTNWLAKVN,1
Positive132610,VNTQIDLIR,1
Positive132641,xTEEAGNIE,1
Positive132651,LSEIKGVIV,1
Positive132656,GVIVHRLEG,1
Positive132665,xTLKIPSVH,1
Positive132672,VHFGSPSGS,1
Positive132704,xFNNFTVSF,1
Positive132711,SFWLRVPKV,1
Positive132740,AEIKKPQAD,1
Positive132745,PQADSAWNW,1
Positive132760,QSRRRGDMS,1
Positive132791,DENGVLLNN,1
Positive132820,ASLEDAKKE,1
Positive132862,xWWYEGLPQ,1
Positive132886,GRLSPIVKT,1
Positive132892,VKTERIKVF,1
Positive132913,xKTWCDAWC,1
Positive133010,KLLCGLLAE,1
Positive133060,DITLPMPPR,1
Positive133094,TLAARNASV,1
Positive133099,NASVPTTTI,1
Positive133110,xLSFSDSNL,1
Positive133123,TNLSVPNPL,1
Positive133141,xNGVWVMMD,1
Positive133195,KASEFTGLM,1
Positive133240,RPQREGCxx,1
Positive133267,xKEPAPTTT,1
Positive133275,xSASRKLQL,1
Positive133290,IHCCPPFTF,1
Positive133420,CYGAAEKYH,1
Positive133451,xIGTRYLTR,1
Positive133472,DDLVRDAKD,1
Positive133484,KEENLVKSL,1
Positive133517,VVQAMYVPP,1
Positive133524,PPGAPNPKE,1
Positive133574,ASMLGTVTN,1
Positive133583,SPGVPAVPW,1
Positive133599,LEVEIAIKR,1
Positive133640,RLVSGYDND,1
Positive133648,xPGANQWMM,1
Positive133677,WLPGADTQG,1
Positive133748,xIVKWDRDM,1
Positive133777,WVCTILTDF,1
Positive133825,xPRNNNRTR,1
Positive133831,RTRVHGDKA,1
Positive133871,LLLLQVSSS,1
Positive133992,KYYFDEDTA,1
Positive134010,xTDVLNEAA,1
Positive134030,RPKHLYVSM,1
Positive134040,FKKDEIDMS,1
Positive134046,DMSFETNKK,1
Positive134095,GKIKHEDTN,1
Positive134114,WCGSTDEYC,1
Positive134194,EQARQLKNN,1
Positive134207,KWVKDPYQP,1
Positive134212,PYQPTRAVS,1
Positive134242,SLAQVKYTS,1
Positive134255,ESNGTLTLS,1
Positive134264,xQGVQQKWD,1
Positive134297,xRNKIYFMQ,1
Positive134312,TTASSMSSx,1
Positive134321,DDCELCVNV,1
Positive134378,SICLPMDTE,1
Positive134410,QAITCQKPT,1
Positive134447,LSEGSVWEA,1
Positive134593,NGKKITCEC,1
Positive134702,xKSSASPRx,1
Positive134719,GPPSSSDPR,1
Positive134751,PSSRSNTLP,1
Positive134772,xFLTGAYLL,1
Positive134823,VSILIIFIL,1
Positive134931,LSWEWQGTL,1
Positive134989,xVTTVTTHN,1
Positive134995,THNNPTFTD,1
Positive135000,TFTDPSVLQ,1
Positive135029,xIINNSTNV,1
Positive135048,WDLFVERSK,1
Positive135101,xGSHSLRYF,1
Positive135107,RYFYTAVSR,1
Positive135117,NNAIEPRSF,1
Positive135122,PRSFSQNPP,1
Positive135131,xLCSGGYTV,1
Positive135145,KPRKISVDR,1
Positive135189,CQASFPNTT,1
Positive135216,WHDDKSGIC,1
Positive135230,RYIWIKYFN,1
Positive135235,KYFNLFDKE,1
Positive135261,NTEEEGTPD,1
Positive135277,xPFFSQPGx,1
Positive135304,YGQYALAVR,1
Positive135386,xKSKHNRRE,1
Positive135457,QSRQSRRRS,1
Positive135557,SEINIKAQE,1
Positive135623,FRLMHPQPE,1
Positive135632,xIHAMDIPP,1
Positive135643,xFIPRRAPF,1
Positive135648,RAPFDLFEN,1
Positive135680,xxKGEQGEP,1
Positive135690,xDWVKGFPI,1
Positive135708,NPGLCYASQ,1
Positive135726,IGATQAGRF,1
Positive135771,DSTHGKFHG,1
Positive135780,xIGSTPIGD,1
Positive135880,KTIWSLIAW,1
Positive135912,NVLYENQKQ,1
Positive135960,ELKIYSVIQ,1
Positive135975,xLSHNPGAS,1
Positive136030,GERCAVHGE,1
Positive136079,FFMPGFAPL,1
Positive136099,LINFIKQQR,1
Positive136105,QQREARVQx,1
Positive136255,xDWRKNIDx,1
Positive136265,IRLPHIRED,1
Positive136379,xGACSFSSI,1
Positive136389,xCPSKKPYE,1
Positive136427,xRGFFYTPK,1
Positive136432,YTPKTRREA,1
Positive136488,EFKELVYPP,1
Positive136507,IQNWFREAD,1
Positive136527,SINLQRGRD,1
Positive136540,SAVPTDHGA,1
Positive136572,FNAYLANKW,1
Positive136603,xAGKNQSQK,1
Positive136676,ENPGGEVFN,1
Positive136681,EVFNDNKKG,1
Positive136715,AEELEAIKH,1
Positive136766,xFYFPSRRF,1
Positive136808,TETPLRKHF,1
Positive136813,RKHFNLTPV,1
Positive136885,VVLQNRRGL,1
Positive136922,RTLGSNRER,1
Positive136934,SGCFYQKKE,1
Positive136939,QKKEEDWIC,1
Positive136953,GAYQSYKFI,1
Positive136973,QTPQSQVNV,1
Positive137003,xNKLLIAFG,1
Positive137008,IAFGLVILL,1
Positive137013,VILLVTLPC,1
Positive137107,YCWLRRQAA,1
Positive137117,QRRLSAMEK,1
Positive137147,TRDSIFRLR,1
Positive137156,SKRGNAKCG,1
Positive137163,CGPNGTCIV,1
Positive137177,LKRLFSGYN,1
Positive137280,LQAHRQLEE,1
Positive137311,xELPTAFDY,1
Positive137316,AFDYVEFTR,1
Positive137326,xCFKEHSSL,1
Positive137334,LAFWKTDAS,1
Positive137358,GDCGTPSHS,1
Positive137381,YPISKARPN,1
Positive137386,ARPNCGGNL,1
Positive137418,TKRARTDWW,1
Positive137421,ARTDWWENE,1
Positive137432,xFRDLTWCI,1
Positive137450,LKRQGRTLY,1
Positive137482,VSRFAISYQ,1
Positive137502,KSLEPCTCG,1
Positive137518,RNTRNLTYI,1
Positive137542,RVASNPYTW,1
Positive137548,YTWFTMEAL,1
Positive137584,RRLSSDQDQ,1
Positive137588,SDQDQSQTP,1
Positive137624,PGMCGGALV,1
Positive137684,NLACDLWLx,1
Positive137772,ITVNPIVTE,1
Positive137788,xKCSRLYTA,1
Positive137801,IMKVEFTQC,1
Positive137879,ASSYFEYVD,1
Positive137894,EKQENKIFA,1
Positive137964,xGLLETNFT,1
Positive137976,EEYMPMEDL,1
Positive137985,YLDILPEEx,1
Positive138100,GSQLPCEPE,1
Positive138188,NDNNSTATL,1
Positive138306,GPWSPIDIH,1
Positive138405,LLQELCCQH,1
Positive138451,FGNNENQTK,1
Positive138461,ENPKKYIPG,1
Positive138472,SAHSTPSxx,1
Positive138480,CLQSCQQEP,1
Positive138567,PLGFFKKEA,1
Positive138603,NDLCIKVNN,1
Positive138609,VNNWDLFFS,1
Positive138672,KIEDMAMLT,1
Positive138677,AMLTFLHEP,1
Positive138682,LHEPAVLYN,1
Positive138695,KGPRGSVMT,1
Positive138700,SVMTTNIYL,1
Positive138758,PSRTWSPPF,1
Positive138803,FKHKFAELL,1
Positive138814,QKAAQYPSK,1
Positive138823,QSQDNSGDQ,1
Positive138828,SGDQRQVDL,1
Positive138861,EDKEYQQGV,1
Positive138919,xMIMEDWDF,1
Positive138956,LDLNTPVDK,1
Positive138959,NTPVDKTSN,1
Positive138984,LWARRENGS,1
Positive138999,DRKAAVSHW,1
Positive139002,AAVSHWQQx,1
Positive139071,ADARKPPSG,1
Positive139097,PAPAVPVKK,1
Positive139125,AMLPYDQYL,1
Positive139130,DQYLHRFAA,1
Positive139153,xGMDVAASE,1
Positive139186,IQLIGAGKR,1
Positive139220,FTELPYEAR,1
Positive139244,xICYKTFWN,1
Positive139275,xYDGDHQIV,1
Positive139280,HQIVQSGAI,1
Positive139286,GAILRHLAR,1
Positive139302,xSEEKFVTM,1
Positive139336,TTQGKVPSQ,1
Positive139441,RVLIAAHGN,1
Positive139452,NDGPVAAGE,1
Positive139459,GEARPVPEE,1
Positive139493,xxNIFEYQV,1
Positive139528,HARKERNIT,1
Positive139564,EKEVVRLMV,1
Positive139570,LMVIKLLKK,1
Positive139587,PKVAPQAIS,1
Positive139619,SKEQVANSA,1
Positive139624,ANSAFVERx,1
Positive139666,RNFTLDMIx,1
Positive139673,xTIRIPVHM,1
Positive139678,PVHMIETIN,1
Positive139687,KLNRISRQM,1
Positive139759,xxTPQGRPD,1
Positive139797,SGLRSLTTL,1
Positive139852,SKKKPAGPS,1
Positive139924,KAITAMSQA,1
Positive139965,EARSGRLSQ,1
Positive140000,SDFFRGKEL,1
Positive140018,xxTCSMFVY,1
Positive140100,xEPEGIHYH,1
Positive140171,NIKENQFED,1
Positive140175,NQFEDFDED,1
Positive140187,xQEDLLVLW,1
Positive140216,PCREGEDNS,1
Positive140296,AFFSILQDM,1
Positive140312,SKTFTVQKG,1
Positive140326,RGEGETFKG,1
Positive140341,GDTRPRFLW,1
Positive140346,RFLWQPKRE,1
Positive140405,EKTADHLFD,1
Positive140434,PDVQRRVQQ,1
Positive140440,VQQEIDDVI,1
Positive140469,ERIQKYTRx,1
Positive140477,IFNSVFLDF,1
Positive140483,LDFSVSFWI,1
Positive140495,xKPKSQETP,1
Positive140507,VETHRCNIS,1
Positive140522,KLLCVSPMC,1
Positive140527,SPMCMMIEP,1
Positive140546,NPVPILELE,1
Positive140604,xQRVVFKYS,1
Positive140610,KYSQMINIS,1
Positive140630,DNWHGSNRP,1
Positive140645,GRSVKSVVT,1
Positive140683,SEVSKVEQE,1
Positive140731,xLTPANLIR,1
Positive140750,KAVFKINIV,1
Positive140837,LGVTVCWTY,1
Positive140897,KLPIVKVED,1
Positive140930,NNICIDAVL,1
Positive140958,xLTQQVFDA,1
Positive140963,VFDAKNMMA,1
Positive140974,RRPFNIGIN,1
Positive140987,TKGKSQKSL,1
Positive140991,SQKSLGDxx,1
Positive141000,GTEGESQAx,1
Positive141028,TSIRDKVQK,1
Positive141033,KVQKEYALF,1
Positive141042,xADYWAGEL,1
Positive141059,TSTTPVPSV,1
Positive141063,PVPSVPSTS,1
Positive141190,EGRKPCYER,1
Positive141194,PCYERNEKR,1
Positive141215,NKCKMNLQD,1
Positive141219,MNLQDNNGN,1
Positive141224,NNGNDIGFI,1
Positive141253,xPDRFSGSx,1
Positive141278,LPQDRKIAI,1
Positive141314,RAAGVAAMQ,1
Positive141323,xxGYPTFGE,1
Positive141341,xCWGELMTL,1
Positive141356,SRAVTCGMA,1
Positive141450,xTTHGKAYD,1
Positive141455,KAYDVDMVD,1
Positive141522,IMGEYRGTP,1
Positive141528,GTPRNQDLY,1
Positive141555,RTETWMSSE,1
Positive141564,GAWKHAQRI,1
Positive141614,xSLPGQTKI,1
Positive141670,VVNQGPVDV,1
Positive141715,SGCVINWKG,1
Positive141720,NWKGRELKC,1
Positive141752,CTWQQWERE,1
Positive141765,xFDETTLNN,1
Positive141822,NMILGTSVN,1
Positive141827,TSVNIYEYI,1
Positive141849,ALDSRGRRR,1
Positive141854,GRRRYFLTx,1
Positive141863,KDGFSMTAx,1
Positive141876,KLKDAERAV,1
Positive141898,EQDRNTREV,1
Positive142039,MRRQLEMID,1
Positive142066,LIRHGESAW,1
Positive142072,SAWNLENRx,1
Positive142083,SVDLSLTVE,1
Positive142109,FEANQNTKT,1
Positive142167,GNNDNVLDH,1
Positive142173,LDHLTGRSC,1
Positive142196,xRDALPNTE,1
Positive142202,NTEASGPTH,1
Positive142217,HDGPNRHTC,1
Positive142251,xxNIASHIS,1
Positive142263,ARTGDPVTN,1
Positive142284,LKEQPALND,1
Positive142368,TDVFVLNNT,1
Positive142407,MVITQDCDT,1
Positive142412,DCDTCHSPA,1
Positive142453,xRAFVRWLP,1
Positive142526,QMVQHFKRx,1
Positive142565,KFLQHDLLF,1
Positive142590,PLSTKDLTT,1
Positive142598,xxYFIICYP,1
Positive142603,ICYPLAYFA,1
Positive142674,TKWKGDDHL,1
Positive142695,EYRLSLMEQ,1
Positive142735,SDDDNDSAV,1
Positive142779,VYLNKNKYL,1
Positive142801,VPTGVAWWM,1
Positive142804,GVAWWMYNN,1
Positive142830,LNDMAKTRK,1
Positive142876,AQVSRQNVG,1
Positive142885,THSTQNMVS,1
Positive142888,TQNMVSNGS,1
Positive142899,ARQPYGFFL,1
Positive142916,xAEHARDHT,1
Positive142933,AKMNILIRD,1
Positive142939,IRDKRFHYD,1
Positive142995,xDPALLLMH,1
Positive143073,VIVEDDDSA,1
Positive143078,DDSAIIPCR,1
Positive143148,KYVDVNNVG,1
Positive143153,NNVGIRGYM,1
Positive143165,xxFKLGGRD,1
Positive143290,KNGRENFYQ,1
Positive143304,VISQLTRVH,1
Positive143318,VSSEANAED,1
Positive143361,IENEYEVLY,1
Positive143383,SVLYNSTFF,1
Positive143387,NSTFFSTFK,1
Positive143400,EAFAKKDWF,1
Positive143457,xKLIVCGMT,1
Positive143460,IVCGMTSNG,1
Positive143479,xxxEINHVQ,1
Positive143485,HVQDHALPK,1
Positive143524,GVTNFVPSM,1
Positive143531,xxSEKYPSM,1
Positive143558,RRQNSMRRN,1
Positive143570,VIGHLAHGN,1
Positive143575,AHGNLEYKH,1
Positive143620,AAQMPAYQE,1
Positive143652,KVEDPFYWV,1
Positive143666,GGRIFYRHM,1
Positive143677,IKISHFLKM,1
Positive143709,IRKAWVKGM,1
Positive143714,VKGMPYMDF,1
Positive143741,SFPMNEESP,1
Positive143773,MEALEETWR,1
Positive143840,PRHLQLAIR,1
Positive143897,VAGCSAGGH,1
Positive143954,VKARNIISP,1
Positive144031,xKYVVRYMY,1
Positive144189,WSSKPRKGM,1
Positive144364,FLEELGNHK,1
Positive144379,VLSALSGNL,1
Positive144452,FTNMEAQLI,1
Positive144466,GYDEDNQRQ,1
Positive144471,NQRQHFRQC,1
Positive144481,FQTAAQRxx,1
Positive144489,FKEAFLRSV,1
Positive144502,LLFNKVTLA,1
Positive144518,DSHYQDVLK,1
Positive144536,DIVLKSHMN,1
Positive144541,SHMNRESDD,1
Positive144557,PADAQSDCK,1
Positive144566,ILCFVSACN,1
Positive144578,PSGQTADWY,1
Positive144607,TKLKGESGY,1
Positive144685,SVGAADGSS,1
Positive144703,xMSFIPVAE,1
Positive144706,FIPVAEDSx,1
Positive144713,xHTYSPHEL,1
Positive144747,xRGQRTKTN,1
Positive144752,TKTNARTRK,1
Positive144757,RTRKGPRKP,1
Positive144806,xMACAHLCK,1
Positive144809,CAHLCKEAD,1
Positive144828,QLAELDRQI,1
Positive144833,DRQIKSFxx,1
Positive144844,FIYRTVEIP,1
Positive144854,CPLHVAPYF,1
Positive144889,QLESHSFYN,1
Positive144899,xCLAVLWVV,1
Positive144906,VVKSTPASx,1
Positive144921,CCKTDNCNx,1
Positive144972,RDPRQVPGR,1
Positive145043,AVLYQDVNC,1
Positive145182,WDEVYKYIV,1
Positive145244,DRYIPYSPx,1
Positive145252,KDRRSTGKS,1
Positive145266,PPPGMMPVG,1
Positive145335,EQQRGKGSF,1
Positive145351,GLTLNLEDV,1
Positive145397,ELNKTKPIW,1
Positive145514,RQAIEQQQS,1
Positive145518,EQQQSQGQx,1
Positive145526,QTLDHNTMY,1
Positive145531,NTMYWYKQD,1
Positive145536,YKQDSKKLL,1
Positive145542,KLLKIMxxx,1
Positive145596,LPPVPVSKV,1
Positive145619,VVEVNGVTI,1
Positive145663,RIYSTGNNV,1
Positive145727,AAANVVKSG,1
Positive145797,TTETGKGVx,1
Positive145845,RISGVGIDQ,1
Positive145880,xLHTISRYS,1
Positive145887,YSSEYPHGD,1
Positive145936,NCGPTIFLG,1
Positive145979,PTVHFHYFK,1
Positive145984,HYFKLAVQP,1
Positive146025,SVSRQAPDD,1
Positive146088,PHGESNSSE,1
Positive146113,AGSAPAAAE,1
Positive146124,xYISDAFSL,1
Positive146130,FSLDVSEKS,1
Positive146166,NIVPVSIVS,1
Positive146180,GGVNTIQLY,1
Positive146186,QLYQTKTAQ,1
Positive146217,xIYLAANYG,1
Positive146222,ANYGETRNA,1
Positive146239,LPIQKSVQL,1
Positive146284,xEAPKSHSI,1
Positive146289,SHSISNNEQ,1
Positive146380,LVGILTSRN,1
Positive146383,ILTSRNETx,1
Positive146425,YIKFIEGNx,1
Positive146450,xRTHRQLYx,1
Positive146502,YENELVATR,1
Positive146513,KNGSRGSVx,1
Positive146531,KDNPHPKGS,1
Positive146550,xFIEGGWTG,1
Positive146555,GWTGMVDGW,1
Positive146560,VDGWYGYHH,1
Positive146618,xxYHSRYFT,1
Positive146650,ILTIPQSLD,1
Positive146663,NEKGQHEIV,1
Positive146668,HEIVEVEEI,1
Positive146681,RARAAGMxx,1
Positive146690,AGQEQQYDV,1
Positive146699,EPVDGVVLV,1
Positive146730,EDRHGGYKP,1
Positive146759,xNCKITKTP,1
Positive146764,TKTPTAWKP,1
Positive146799,xAQFDQIAS,1
Positive146813,xxTHHINNM,1
Positive146819,NNMKPSFTR,1
Positive146822,KPSFTRENT,1
Positive146841,LGSINQAMV,1
Positive146887,RSGSPMARR,1
Positive146904,STVKAGDLE,1
Positive146909,GDLEKIISR,1
Positive146933,GGLAENFLP,1
Positive146999,LELIQILKD,1
Positive147004,ILKDHYNIS,1
Positive147020,SAKGMELRW,1
Positive147025,ELRWFREKV,1
Positive147043,RQKPLKVKA,1
Positive147077,KHSNGTIKD,1
Positive147118,xxIIASTEK,1
Positive147180,GIQNYIHNE,1
Positive147248,PFSNSKVEC,1
Positive147290,APGGPGAPx,1
Positive147331,KIIGDEVGL,1
Positive147453,GKTIADQIL,1
Positive147468,DGSIYKLTG,1
Positive147478,WLSKTSADS,1
Positive147511,xISTLIKQK,1
Positive147583,GSDNKTYGN,1
Positive147609,DEKAQQRRK,1
Positive147615,RRKQWWNES,1
